mu  pmu  pmuanyl
0.010000 0.000000e+00 0.000000e+00
0.010393 0.000000e+00 0.000000e+00
0.010801 0.000000e+00 0.000000e+00
0.011225 0.000000e+00 0.000000e+00
0.011665 0.000000e+00 0.000000e+00
0.012123 0.000000e+00 0.000000e+00
0.012599 0.000000e+00 0.000000e+00
0.013094 0.000000e+00 0.000000e+00
0.013608 0.000000e+00 0.000000e+00
0.014142 0.000000e+00 0.000000e+00
0.014697 0.000000e+00 0.000000e+00
0.015274 0.000000e+00 0.000000e+00
0.015873 0.000000e+00 0.000000e+00
0.016496 0.000000e+00 0.000000e+00
0.017144 0.000000e+00 0.000000e+00
0.017817 0.000000e+00 0.000000e+00
0.018516 0.000000e+00 0.000000e+00
0.019243 0.000000e+00 0.000000e+00
0.019999 0.000000e+00 0.000000e+00
0.020784 0.000000e+00 0.000000e+00
0.021600 0.000000e+00 0.000000e+00
0.022448 0.000000e+00 0.000000e+00
0.023329 0.000000e+00 0.000000e+00
0.024245 0.000000e+00 0.000000e+00
0.025196 0.000000e+00 0.000000e+00
0.026185 0.000000e+00 0.000000e+00
0.027213 0.000000e+00 0.000000e+00
0.028282 0.000000e+00 0.000000e+00
0.029392 0.000000e+00 0.000000e+00
0.030546 0.000000e+00 0.000000e+00
0.031745 0.000000e+00 0.000000e+00
0.032991 0.000000e+00 0.000000e+00
0.034286 1.363744e-01 0.000000e+00
0.035632 0.000000e+00 0.000000e+00
0.037031 1.262665e-01 0.000000e+00
0.038484 0.000000e+00 0.000000e+00
0.039995 1.169078e-01 0.000000e+00
0.041565 0.000000e+00 0.000000e+00
0.043197 1.082427e-01 0.000000e+00
0.044893 0.000000e+00 0.000000e+00
0.046655 1.002198e-01 0.000000e+00
0.048486 9.643424e-02 0.000000e+00
0.050390 0.000000e+00 0.000000e+00
0.052368 8.928664e-02 0.000000e+00
0.054423 8.591402e-02 0.000000e+00
0.056560 0.000000e+00 0.000000e+00
0.058780 7.954616e-02 0.000000e+00
0.061088 1.530830e-01 0.000000e+00
0.063486 1.473006e-01 0.000000e+00
0.065978 1.417366e-01 0.000000e+00
0.068568 1.363828e-01 0.000000e+00
0.071260 0.000000e+00 0.000000e+00
0.074057 1.262742e-01 0.000000e+00
0.076964 1.215045e-01 0.000000e+00
0.079985 1.169149e-01 0.000000e+00
0.083125 1.687481e-01 0.000000e+00
0.086388 1.623740e-01 0.000000e+00
0.089780 3.124813e-01 0.000000e+00
0.093304 1.503390e-01 0.000000e+00
0.096967 1.928803e-01 0.000000e+00
0.100773 1.855947e-01 0.000000e+00
0.104729 1.785842e-01 0.000000e+00
0.108840 3.436772e-01 0.000000e+00
0.113113 2.066847e-01 0.000000e+00
0.117553 1.988776e-01 0.000000e+00
0.122168 3.827309e-01 0.000000e+00
0.126964 1.841370e-01 0.000000e+00
0.131948 4.252359e-01 0.000000e+00
0.137127 2.045868e-01 0.000000e+00
0.142510 4.265277e-01 0.000000e+00
0.148105 2.525640e-01 0.000000e+00
0.153919 3.949139e-01 0.000000e+00
0.159961 4.384579e-01 0.000000e+00
0.166240 4.500225e-01 0.000000e+00
0.172766 4.871518e-01 0.000000e+00
0.179548 2.343753e-01 0.000000e+00
0.186596 4.761026e-01 0.000000e+00
0.193921 4.822304e-01 0.000000e+00
0.201534 4.872159e-01 0.000000e+00
0.209445 4.911368e-01 0.000000e+00
0.217667 6.659154e-01 0.000000e+00
0.226212 6.407619e-01 0.000000e+00
0.235092 5.370025e-01 0.000000e+00
0.244320 5.358561e-01 0.000000e+00
0.253911 7.365932e-01 0.000000e+00
0.263879 6.556122e-01 0.000000e+00
0.274238 5.626481e-01 0.000000e+00
0.285003 8.531077e-01 0.000000e+00
0.296191 5.840901e-01 0.000000e+00
0.307818 8.810158e-01 0.000000e+00
0.319902 7.892726e-01 0.000000e+00
0.332460 7.032033e-01 0.000000e+00
0.345511 9.066993e-01 0.000000e+00
0.359074 8.594290e-01 0.000000e+00
0.373170 8.896148e-01 0.000000e+00
0.387819 9.042375e-01 0.000000e+00
0.403043 9.164862e-01 0.000000e+00
0.418865 9.376823e-01 0.000000e+00
0.435307 9.559695e-01 0.000000e+00
0.452396 9.715373e-01 0.000000e+00
0.470155 9.845650e-01 0.000000e+00
0.488611 1.004792e+00 0.000000e+00
0.507792 1.022086e+00 0.000000e+00
0.527725 1.054360e+00 0.000000e+00
0.548442 1.031585e+00 0.000000e+00
0.569971 1.041840e+00 0.000000e+00
0.592346 1.081422e+00 0.000000e+00
0.615599 1.040574e+00 0.000000e+00
0.639764 1.074354e+00 0.000000e+00
0.664879 1.054870e+00 0.000000e+00
0.690979 1.055625e+00 0.000000e+00
0.718104 1.048307e+00 0.000000e+00
0.746294 1.033771e+00 0.000000e+00
0.775590 1.000751e+00 0.000000e+00
0.806036 1.032560e+00 0.000000e+00
0.837678 9.656488e-01 0.000000e+00
0.870561 9.828829e-01 0.000000e+00
0.904736 9.509246e-01 0.000000e+00
0.940252 9.299240e-01 0.000000e+00
0.977162 8.900131e-01 0.000000e+00
1.015521 8.287691e-01 0.000000e+00
1.055386 6.025284e-01 0.000000e+00
1.096816 4.731940e-01 0.000000e+00
1.139872 3.896884e-01 0.000000e+00
1.184619 3.197102e-01 0.000000e+00
1.231122 2.696543e-01 0.000000e+00
1.279450 2.375417e-01 0.000000e+00
1.329676 1.863717e-01 0.000000e+00
1.381873 1.759483e-01 0.000000e+00
1.436120 1.367441e-01 0.000000e+00
1.492496 1.284461e-01 0.000000e+00
1.551084 1.055073e-01 0.000000e+00
1.611973 8.991949e-02 0.000000e+00
1.675252 8.094085e-02 0.000000e+00
1.741016 2.336504e-01 0.000000e+00
1.809360 4.289760e-01 0.000000e+00
1.880388 4.227187e-02 0.000000e+00
1.954204 0.000000e+00 0.000000e+00
2.030918 0.000000e+00 0.000000e+00
2.110643 0.000000e+00 0.000000e+00
2.193497 0.000000e+00 0.000000e+00
2.279605 0.000000e+00 0.000000e+00
2.369092 0.000000e+00 0.000000e+00
2.462092 0.000000e+00 0.000000e+00
2.558744 0.000000e+00 0.000000e+00
2.659189 0.000000e+00 0.000000e+00
2.763577 0.000000e+00 0.000000e+00
2.872063 0.000000e+00 0.000000e+00
2.984808 0.000000e+00 0.000000e+00
3.101979 0.000000e+00 0.000000e+00
3.223749 0.000000e+00 0.000000e+00
3.350299 0.000000e+00 0.000000e+00
3.481818 0.000000e+00 0.000000e+00
3.618499 0.000000e+00 0.000000e+00
3.760545 0.000000e+00 0.000000e+00
3.908168 0.000000e+00 0.000000e+00
4.061586 0.000000e+00 0.000000e+00
4.221026 0.000000e+00 0.000000e+00
4.386726 0.000000e+00 0.000000e+00
4.558929 0.000000e+00 0.000000e+00
4.737893 0.000000e+00 0.000000e+00
4.923883 0.000000e+00 0.000000e+00
5.117173 0.000000e+00 0.000000e+00
5.318051 0.000000e+00 0.000000e+00
5.526815 0.000000e+00 0.000000e+00
5.743774 0.000000e+00 0.000000e+00
5.969250 0.000000e+00 0.000000e+00
6.203576 0.000000e+00 0.000000e+00
6.447102 0.000000e+00 0.000000e+00
6.700188 0.000000e+00 0.000000e+00
6.963208 0.000000e+00 0.000000e+00
7.236553 0.000000e+00 0.000000e+00
7.520629 0.000000e+00 0.000000e+00
7.815857 0.000000e+00 0.000000e+00
8.122674 0.000000e+00 0.000000e+00
8.441535 0.000000e+00 0.000000e+00
8.772913 0.000000e+00 0.000000e+00
9.117299 0.000000e+00 0.000000e+00
9.475205 0.000000e+00 0.000000e+00
9.847161 0.000000e+00 0.000000e+00
10.233718 0.000000e+00 0.000000e+00
10.635450 0.000000e+00 0.000000e+00
11.052951 0.000000e+00 0.000000e+00
11.486843 0.000000e+00 0.000000e+00
11.937766 0.000000e+00 0.000000e+00
12.406392 0.000000e+00 0.000000e+00
12.893413 0.000000e+00 0.000000e+00
13.399553 0.000000e+00 0.000000e+00
13.925561 0.000000e+00 0.000000e+00
14.472219 0.000000e+00 0.000000e+00
15.040336 0.000000e+00 0.000000e+00
15.630754 0.000000e+00 0.000000e+00
16.244350 0.000000e+00 0.000000e+00
16.882033 0.000000e+00 0.000000e+00
17.544749 0.000000e+00 0.000000e+00
18.233480 0.000000e+00 0.000000e+00
18.949248 0.000000e+00 0.000000e+00
19.693113 0.000000e+00 0.000000e+00
20.466180 0.000000e+00 0.000000e+00
21.269594 0.000000e+00 0.000000e+00
22.104546 0.000000e+00 0.000000e+00
22.972275 0.000000e+00 0.000000e+00
23.874068 0.000000e+00 0.000000e+00
24.811261 0.000000e+00 0.000000e+00
25.785244 0.000000e+00 0.000000e+00
26.797461 0.000000e+00 0.000000e+00
27.849414 0.000000e+00 0.000000e+00
28.942661 0.000000e+00 0.000000e+00
30.078825 0.000000e+00 0.000000e+00
31.259590 0.000000e+00 0.000000e+00
32.486707 0.000000e+00 0.000000e+00
33.761994 0.000000e+00 0.000000e+00
35.087345 0.000000e+00 0.000000e+00
36.464722 0.000000e+00 0.000000e+00
37.896170 0.000000e+00 0.000000e+00
39.383810 0.000000e+00 0.000000e+00
40.929848 0.000000e+00 0.000000e+00
42.536577 0.000000e+00 0.000000e+00
44.206380 0.000000e+00 0.000000e+00
45.941731 0.000000e+00 0.000000e+00
47.745205 0.000000e+00 0.000000e+00
49.619476 0.000000e+00 0.000000e+00
51.567322 0.000000e+00 0.000000e+00
53.591633 0.000000e+00 0.000000e+00
55.695409 0.000000e+00 0.000000e+00
57.881770 0.000000e+00 0.000000e+00
60.153959 0.000000e+00 0.000000e+00
62.515344 0.000000e+00 0.000000e+00
64.969426 0.000000e+00 0.000000e+00
67.519845 0.000000e+00 0.000000e+00
70.170383 0.000000e+00 0.000000e+00
72.924969 0.000000e+00 0.000000e+00
75.787689 0.000000e+00 0.000000e+00
78.762786 0.000000e+00 0.000000e+00
81.854673 0.000000e+00 0.000000e+00
85.067934 0.000000e+00 0.000000e+00
88.407334 0.000000e+00 0.000000e+00
91.877824 0.000000e+00 0.000000e+00
95.484551 0.000000e+00 0.000000e+00
99.232862 0.000000e+00 0.000000e+00
103.128316 0.000000e+00 0.000000e+00
107.176689 0.000000e+00 0.000000e+00
111.383983 0.000000e+00 0.000000e+00
115.756437 0.000000e+00 0.000000e+00
120.300535 0.000000e+00 0.000000e+00
125.023015 0.000000e+00 0.000000e+00
129.930878 0.000000e+00 0.000000e+00
135.031404 0.000000e+00 0.000000e+00
140.332154 0.000000e+00 0.000000e+00
145.840988 0.000000e+00 0.000000e+00
151.566076 0.000000e+00 0.000000e+00
157.515906 0.000000e+00 0.000000e+00
163.699300 0.000000e+00 0.000000e+00
170.125428 0.000000e+00 0.000000e+00
176.803818 0.000000e+00 0.000000e+00
183.744372 0.000000e+00 0.000000e+00
190.957383 0.000000e+00 0.000000e+00
198.453546 0.000000e+00 0.000000e+00
206.243975 0.000000e+00 0.000000e+00
214.340223 0.000000e+00 0.000000e+00
222.754295 0.000000e+00 0.000000e+00
231.498667 0.000000e+00 0.000000e+00
240.586305 0.000000e+00 0.000000e+00
250.030685 0.000000e+00 0.000000e+00
259.845810 0.000000e+00 0.000000e+00
270.046235 0.000000e+00 0.000000e+00
280.647085 0.000000e+00 0.000000e+00
291.664078 0.000000e+00 0.000000e+00
303.113550 0.000000e+00 0.000000e+00
315.012480 0.000000e+00 0.000000e+00
327.378510 0.000000e+00 0.000000e+00
340.229977 0.000000e+00 0.000000e+00
353.585937 0.000000e+00 0.000000e+00
367.466194 0.000000e+00 0.000000e+00
381.891330 0.000000e+00 0.000000e+00
396.882735 0.000000e+00 0.000000e+00
412.462638 0.000000e+00 0.000000e+00
428.654141 0.000000e+00 0.000000e+00
445.481252 0.000000e+00 0.000000e+00
462.968923 0.000000e+00 0.000000e+00
481.143084 0.000000e+00 0.000000e+00
500.030684 0.000000e+00 0.000000e+00
519.659730 0.000000e+00 0.000000e+00
540.059328 0.000000e+00 0.000000e+00
561.259726 0.000000e+00 0.000000e+00
583.292359 0.000000e+00 0.000000e+00
606.189899 0.000000e+00 0.000000e+00
629.986298 0.000000e+00 0.000000e+00
654.716840 0.000000e+00 0.000000e+00
680.418197 0.000000e+00 0.000000e+00
707.128478 0.000000e+00 0.000000e+00
734.887289 0.000000e+00 0.000000e+00
763.735792 0.000000e+00 0.000000e+00
793.716762 0.000000e+00 0.000000e+00
824.874655 0.000000e+00 0.000000e+00
857.255673 0.000000e+00 0.000000e+00
890.907830 0.000000e+00 0.000000e+00
925.881025 0.000000e+00 0.000000e+00
962.227117 0.000000e+00 0.000000e+00
1000.000000 0.000000e+00 0.000000e+00
