0.000000000000000000e+00
0.000000000000000000e+00
0.000000000000000000e+00
0.000000000000000000e+00
0.000000000000000000e+00
0.000000000000000000e+00
0.000000000000000000e+00
0.000000000000000000e+00
0.000000000000000000e+00
0.000000000000000000e+00
0.000000000000000000e+00
0.000000000000000000e+00
0.000000000000000000e+00
0.000000000000000000e+00
0.000000000000000000e+00
0.000000000000000000e+00
0.000000000000000000e+00
0.000000000000000000e+00
0.000000000000000000e+00
0.000000000000000000e+00
0.000000000000000000e+00
0.000000000000000000e+00
0.000000000000000000e+00
0.000000000000000000e+00
0.000000000000000000e+00
0.000000000000000000e+00
0.000000000000000000e+00
0.000000000000000000e+00
0.000000000000000000e+00
0.000000000000000000e+00
0.000000000000000000e+00
0.000000000000000000e+00
0.000000000000000000e+00
0.000000000000000000e+00
0.000000000000000000e+00
0.000000000000000000e+00
0.000000000000000000e+00
0.000000000000000000e+00
0.000000000000000000e+00
5.245741477310597589e-02
0.000000000000000000e+00
0.000000000000000000e+00
0.000000000000000000e+00
0.000000000000000000e+00
0.000000000000000000e+00
0.000000000000000000e+00
0.000000000000000000e+00
0.000000000000000000e+00
0.000000000000000000e+00
0.000000000000000000e+00
0.000000000000000000e+00
0.000000000000000000e+00
0.000000000000000000e+00
0.000000000000000000e+00
0.000000000000000000e+00
0.000000000000000000e+00
0.000000000000000000e+00
0.000000000000000000e+00
1.134587872293010309e-04
0.000000000000000000e+00
1.050493520869841778e-04
5.054065705598865876e-05
0.000000000000000000e+00
0.000000000000000000e+00
0.000000000000000000e+00
0.000000000000000000e+00
0.000000000000000000e+00
0.000000000000000000e+00
0.000000000000000000e+00
0.000000000000000000e+00
0.000000000000000000e+00
0.000000000000000000e+00
6.617963299237472076e-05
0.000000000000000000e+00
6.127446552173691850e-05
0.000000000000000000e+00
0.000000000000000000e+00
0.000000000000000000e+00
5.252788258435671370e-05
5.054375090691875128e-05
4.863456828048908816e-05
0.000000000000000000e+00
0.000000000000000000e+00
0.000000000000000000e+00
4.169226388502172379e-05
0.000000000000000000e+00
3.860208050007801268e-05
0.000000000000000000e+00
0.000000000000000000e+00
3.439088837995330844e-05
1.654592501863941264e-05
0.000000000000000000e+00
0.000000000000000000e+00
0.000000000000000000e+00
0.000000000000000000e+00
0.000000000000000000e+00
1.365809177797073018e-03
4.144842335575713195e-03
5.252855872396395426e-03
6.224450047825342072e-03
6.799921687630592661e-03
7.193042573179734764e-03
7.505067684018411171e-03
7.783258154238560655e-03
7.875306366132322697e-03
8.097881280295348913e-03
7.970716835891162796e-03
7.875997872548815351e-03
7.777061232292836052e-03
7.801738279049097967e-03
7.629607477401777020e-03
7.518316946958411573e-03
7.177588685338559711e-03
7.097558342736468885e-03
6.855730865484332623e-03
6.571495092503111188e-03
6.517832145675374854e-03
6.037619356444311712e-03
5.922149053883479092e-03
5.676785161594702193e-03
5.441508042901165541e-03
5.075477817615332322e-03
4.999582171156891422e-03
4.643564958781873538e-03
4.414546229271083984e-03
1.154339816514022773e-02
2.350936749949015733e-02
3.598827635624725352e-02
3.463642949679777983e-02
3.569406812507658344e-02
3.513653735273778583e-02
3.359430392721243774e-02
4.440162651615847667e-02
8.735683760669722686e-02
9.325321402925072778e-02
7.760869182571089597e-02
6.592606854437869923e-02
5.429789904428806296e-02
4.867624194759716943e-02
3.846235960686563565e-02
3.289306740438329574e-02
2.747834941654776764e-02
2.369472319163005297e-02
2.054036883581533343e-02
4.262812074841348942e-02
8.154771625290453685e-02
1.006438035606164599e-01
1.175101008039354245e-01
1.102858855597653870e-01
1.185021134331127046e-01
1.106163398743267579e-01
1.025758600720933084e-01
7.976333878414569589e-02
7.294927161105477231e-02
5.265948910277475775e-02
4.801362230872860404e-02
4.096861126720476032e-02
3.049457914913818180e-02
2.912312208924501891e-02
2.399625247530518674e-02
1.880852569803760296e-02
1.598935595276508581e-02
1.529127018162598078e-02
1.294239116446921183e-02
8.957617895031598498e-03
7.063119231758091532e-03
8.213001624009707777e-03
6.461968512067560455e-03
5.993762871679635292e-03
2.955564574052907574e-03
5.549511466022160125e-03
4.038194809443782125e-03
1.380610441601639584e-03
1.328460845121214821e-03
2.378674004208692749e-03
1.229996528575448079e-03
1.183536060975941750e-03
1.086003484550329646e-03
2.089964466446923332e-03
1.005509989117082644e-03
9.675289948724652769e-04
9.309826202334600892e-04
9.393924803025722851e-04
8.619791153425189782e-04
8.294198278308331481e-04
0.000000000000000000e+00
7.305885242784604947e-04
7.029920089434641816e-04
6.764381046150146938e-04
0.000000000000000000e+00
0.000000000000000000e+00
0.000000000000000000e+00
0.000000000000000000e+00
0.000000000000000000e+00
0.000000000000000000e+00
0.000000000000000000e+00
0.000000000000000000e+00
0.000000000000000000e+00
0.000000000000000000e+00
0.000000000000000000e+00
0.000000000000000000e+00
0.000000000000000000e+00
0.000000000000000000e+00
0.000000000000000000e+00
0.000000000000000000e+00
0.000000000000000000e+00
0.000000000000000000e+00
0.000000000000000000e+00
0.000000000000000000e+00
0.000000000000000000e+00
0.000000000000000000e+00
0.000000000000000000e+00
0.000000000000000000e+00
0.000000000000000000e+00
0.000000000000000000e+00
0.000000000000000000e+00
0.000000000000000000e+00
0.000000000000000000e+00
0.000000000000000000e+00
0.000000000000000000e+00
0.000000000000000000e+00
0.000000000000000000e+00
0.000000000000000000e+00
0.000000000000000000e+00
0.000000000000000000e+00
0.000000000000000000e+00
0.000000000000000000e+00
0.000000000000000000e+00
0.000000000000000000e+00
0.000000000000000000e+00
0.000000000000000000e+00
0.000000000000000000e+00
0.000000000000000000e+00
0.000000000000000000e+00
0.000000000000000000e+00
0.000000000000000000e+00
0.000000000000000000e+00
0.000000000000000000e+00
0.000000000000000000e+00
0.000000000000000000e+00
0.000000000000000000e+00
0.000000000000000000e+00
0.000000000000000000e+00
0.000000000000000000e+00
0.000000000000000000e+00
0.000000000000000000e+00
0.000000000000000000e+00
0.000000000000000000e+00
0.000000000000000000e+00
0.000000000000000000e+00
0.000000000000000000e+00
0.000000000000000000e+00
0.000000000000000000e+00
0.000000000000000000e+00
0.000000000000000000e+00
0.000000000000000000e+00
0.000000000000000000e+00
0.000000000000000000e+00
0.000000000000000000e+00
0.000000000000000000e+00
0.000000000000000000e+00
0.000000000000000000e+00
0.000000000000000000e+00
0.000000000000000000e+00
0.000000000000000000e+00
0.000000000000000000e+00
0.000000000000000000e+00
0.000000000000000000e+00
0.000000000000000000e+00
0.000000000000000000e+00
0.000000000000000000e+00
0.000000000000000000e+00
0.000000000000000000e+00
0.000000000000000000e+00
0.000000000000000000e+00
0.000000000000000000e+00
0.000000000000000000e+00
0.000000000000000000e+00
0.000000000000000000e+00
0.000000000000000000e+00
0.000000000000000000e+00
0.000000000000000000e+00
0.000000000000000000e+00
0.000000000000000000e+00
0.000000000000000000e+00
0.000000000000000000e+00
0.000000000000000000e+00
0.000000000000000000e+00
0.000000000000000000e+00
0.000000000000000000e+00
0.000000000000000000e+00
0.000000000000000000e+00
0.000000000000000000e+00
0.000000000000000000e+00
0.000000000000000000e+00
0.000000000000000000e+00
0.000000000000000000e+00
0.000000000000000000e+00
0.000000000000000000e+00
0.000000000000000000e+00
