0.000000000000000000e+00
0.000000000000000000e+00
0.000000000000000000e+00
0.000000000000000000e+00
0.000000000000000000e+00
0.000000000000000000e+00
0.000000000000000000e+00
0.000000000000000000e+00
0.000000000000000000e+00
0.000000000000000000e+00
0.000000000000000000e+00
0.000000000000000000e+00
0.000000000000000000e+00
0.000000000000000000e+00
0.000000000000000000e+00
0.000000000000000000e+00
0.000000000000000000e+00
0.000000000000000000e+00
0.000000000000000000e+00
0.000000000000000000e+00
0.000000000000000000e+00
0.000000000000000000e+00
0.000000000000000000e+00
0.000000000000000000e+00
0.000000000000000000e+00
0.000000000000000000e+00
0.000000000000000000e+00
0.000000000000000000e+00
0.000000000000000000e+00
0.000000000000000000e+00
0.000000000000000000e+00
0.000000000000000000e+00
0.000000000000000000e+00
0.000000000000000000e+00
0.000000000000000000e+00
0.000000000000000000e+00
0.000000000000000000e+00
0.000000000000000000e+00
0.000000000000000000e+00
0.000000000000000000e+00
0.000000000000000000e+00
0.000000000000000000e+00
0.000000000000000000e+00
0.000000000000000000e+00
0.000000000000000000e+00
0.000000000000000000e+00
0.000000000000000000e+00
0.000000000000000000e+00
0.000000000000000000e+00
0.000000000000000000e+00
0.000000000000000000e+00
0.000000000000000000e+00
0.000000000000000000e+00
0.000000000000000000e+00
0.000000000000000000e+00
0.000000000000000000e+00
0.000000000000000000e+00
0.000000000000000000e+00
0.000000000000000000e+00
0.000000000000000000e+00
0.000000000000000000e+00
0.000000000000000000e+00
0.000000000000000000e+00
0.000000000000000000e+00
0.000000000000000000e+00
0.000000000000000000e+00
0.000000000000000000e+00
0.000000000000000000e+00
0.000000000000000000e+00
0.000000000000000000e+00
0.000000000000000000e+00
0.000000000000000000e+00
0.000000000000000000e+00
0.000000000000000000e+00
0.000000000000000000e+00
0.000000000000000000e+00
0.000000000000000000e+00
0.000000000000000000e+00
0.000000000000000000e+00
0.000000000000000000e+00
0.000000000000000000e+00
0.000000000000000000e+00
0.000000000000000000e+00
0.000000000000000000e+00
0.000000000000000000e+00
0.000000000000000000e+00
0.000000000000000000e+00
0.000000000000000000e+00
0.000000000000000000e+00
0.000000000000000000e+00
0.000000000000000000e+00
0.000000000000000000e+00
0.000000000000000000e+00
0.000000000000000000e+00
0.000000000000000000e+00
0.000000000000000000e+00
0.000000000000000000e+00
0.000000000000000000e+00
0.000000000000000000e+00
0.000000000000000000e+00
0.000000000000000000e+00
0.000000000000000000e+00
0.000000000000000000e+00
0.000000000000000000e+00
0.000000000000000000e+00
0.000000000000000000e+00
0.000000000000000000e+00
0.000000000000000000e+00
0.000000000000000000e+00
0.000000000000000000e+00
0.000000000000000000e+00
0.000000000000000000e+00
0.000000000000000000e+00
0.000000000000000000e+00
0.000000000000000000e+00
0.000000000000000000e+00
0.000000000000000000e+00
0.000000000000000000e+00
0.000000000000000000e+00
0.000000000000000000e+00
0.000000000000000000e+00
0.000000000000000000e+00
0.000000000000000000e+00
0.000000000000000000e+00
0.000000000000000000e+00
0.000000000000000000e+00
0.000000000000000000e+00
7.961445527640407093e-06
1.149107458131457109e-05
7.371350832147724030e-06
7.021985399272391093e-04
5.616970368795055901e-03
8.215560305573157279e-03
9.090072102396276610e-03
9.059856857584369649e-03
8.670833787836666751e-03
8.016785505584883217e-03
8.512915310962793081e-03
2.079696623659752636e-02
3.027516829096025056e-02
3.418663428717920449e-02
3.679588153447602844e-02
3.708600378227079608e-02
3.471561948744628784e-02
3.776633796442084579e-02
3.058604682263367860e-02
2.790430612750591233e-02
2.614077451210485362e-02
2.416016722479559509e-02
2.047337108524791352e-02
1.897106692097321953e-02
1.682792435321885452e-02
1.542158483099776919e-02
1.326374274047014724e-02
1.720968378156222459e-02
3.028632059384067654e-02
3.774840417360597611e-02
4.006116949287773232e-02
4.068205608134171924e-02
3.774874927126457141e-02
3.472561083485931066e-02
3.638885280914205822e-02
3.819650120338395627e-02
2.976691544765489722e-02
3.113395272579721346e-02
3.192049283176650459e-02
2.380566319580021059e-02
2.738937632804700623e-02
2.040932298513577561e-02
2.210032452995585456e-02
2.101242123535874973e-02
2.055735478185460180e-02
1.532010618103296466e-02
1.480033640328218790e-02
1.436769652438005945e-02
1.239996483345027177e-02
1.292751784984014218e-02
9.366299800357379135e-03
1.177830806370181588e-02
8.762377129463230080e-03
7.079056125781954534e-03
5.828398860000043660e-03
8.474853908116213377e-03
6.173624069035982612e-03
5.266162837924874898e-03
5.793684319883841971e-03
4.773216954103084997e-03
3.225210028866412788e-03
2.954014055293879750e-03
4.074755646955733127e-03
2.832544323631426986e-03
3.926807807813994557e-03
1.951797245933837221e-03
1.233864917407078571e-03
3.361163958735727438e-03
1.767609693731295997e-03
1.595820575006437828e-03
1.531942315505518417e-04
1.934192592862405162e-03
1.839482902785147343e-03
9.622204399449096716e-04
8.657410054915054207e-04
4.573115493211438154e-04
1.159695548990933092e-03
8.061899966368303713e-04
3.910700654981038698e-05
1.050286232056186651e-03
6.836785358340057017e-04
3.950009854382627349e-04
1.540773904441552944e-05
1.612919060669488434e-05
8.665113483391542184e-04
1.433029360893972751e-05
4.020574704551870579e-05
2.742731408709715799e-04
2.761424928721272257e-04
1.176744506769858310e-05
1.182069812832104767e-05
2.537100246974157520e-04
4.227299942166476464e-04
1.970763873612289439e-04
9.706663190277442515e-06
1.824692218813008936e-04
9.184748077655628210e-06
0.000000000000000000e+00
8.321094469289149089e-06
0.000000000000000000e+00
1.505142556694701354e-04
0.000000000000000000e+00
7.290092570709168838e-06
6.863862417703896218e-06
2.580583514212062913e-04
0.000000000000000000e+00
0.000000000000000000e+00
0.000000000000000000e+00
0.000000000000000000e+00
0.000000000000000000e+00
0.000000000000000000e+00
5.044163284712287932e-06
0.000000000000000000e+00
9.591051512445519843e-05
9.228771048582118288e-05
0.000000000000000000e+00
0.000000000000000000e+00
0.000000000000000000e+00
0.000000000000000000e+00
0.000000000000000000e+00
0.000000000000000000e+00
0.000000000000000000e+00
6.451855449329902217e-05
0.000000000000000000e+00
0.000000000000000000e+00
0.000000000000000000e+00
0.000000000000000000e+00
0.000000000000000000e+00
0.000000000000000000e+00
1.231878422747158831e-05
1.185346811429291188e-05
0.000000000000000000e+00
0.000000000000000000e+00
0.000000000000000000e+00
0.000000000000000000e+00
0.000000000000000000e+00
0.000000000000000000e+00
0.000000000000000000e+00
0.000000000000000000e+00
0.000000000000000000e+00
0.000000000000000000e+00
0.000000000000000000e+00
0.000000000000000000e+00
0.000000000000000000e+00
0.000000000000000000e+00
0.000000000000000000e+00
0.000000000000000000e+00
0.000000000000000000e+00
0.000000000000000000e+00
0.000000000000000000e+00
0.000000000000000000e+00
0.000000000000000000e+00
0.000000000000000000e+00
0.000000000000000000e+00
0.000000000000000000e+00
0.000000000000000000e+00
0.000000000000000000e+00
0.000000000000000000e+00
0.000000000000000000e+00
0.000000000000000000e+00
0.000000000000000000e+00
0.000000000000000000e+00
0.000000000000000000e+00
0.000000000000000000e+00
0.000000000000000000e+00
0.000000000000000000e+00
0.000000000000000000e+00
0.000000000000000000e+00
0.000000000000000000e+00
0.000000000000000000e+00
0.000000000000000000e+00
0.000000000000000000e+00
0.000000000000000000e+00
