0.000000000000000000e+00
0.000000000000000000e+00
0.000000000000000000e+00
0.000000000000000000e+00
0.000000000000000000e+00
0.000000000000000000e+00
0.000000000000000000e+00
0.000000000000000000e+00
0.000000000000000000e+00
0.000000000000000000e+00
0.000000000000000000e+00
0.000000000000000000e+00
0.000000000000000000e+00
0.000000000000000000e+00
0.000000000000000000e+00
0.000000000000000000e+00
0.000000000000000000e+00
0.000000000000000000e+00
0.000000000000000000e+00
0.000000000000000000e+00
0.000000000000000000e+00
0.000000000000000000e+00
0.000000000000000000e+00
0.000000000000000000e+00
0.000000000000000000e+00
0.000000000000000000e+00
0.000000000000000000e+00
0.000000000000000000e+00
0.000000000000000000e+00
0.000000000000000000e+00
0.000000000000000000e+00
0.000000000000000000e+00
0.000000000000000000e+00
0.000000000000000000e+00
0.000000000000000000e+00
0.000000000000000000e+00
0.000000000000000000e+00
0.000000000000000000e+00
0.000000000000000000e+00
2.607841307295982562e-03
0.000000000000000000e+00
0.000000000000000000e+00
0.000000000000000000e+00
0.000000000000000000e+00
0.000000000000000000e+00
0.000000000000000000e+00
0.000000000000000000e+00
0.000000000000000000e+00
0.000000000000000000e+00
0.000000000000000000e+00
0.000000000000000000e+00
0.000000000000000000e+00
0.000000000000000000e+00
0.000000000000000000e+00
0.000000000000000000e+00
0.000000000000000000e+00
0.000000000000000000e+00
0.000000000000000000e+00
5.970596505649935224e-05
0.000000000000000000e+00
5.528062108259147695e-05
2.659625878686575407e-05
0.000000000000000000e+00
0.000000000000000000e+00
0.000000000000000000e+00
0.000000000000000000e+00
0.000000000000000000e+00
0.000000000000000000e+00
0.000000000000000000e+00
0.000000000000000000e+00
0.000000000000000000e+00
0.000000000000000000e+00
3.482603543990805603e-05
1.340422184453211787e-03
4.482021888711518534e-03
5.708928428741184315e-03
6.866607493075300474e-03
7.698865686715837889e-03
8.209675842082290662e-03
8.803901135902824845e-03
9.341521251150189387e-03
9.653580168969225911e-03
9.952431826460229544e-03
1.012372872259195700e-02
1.015818520675835189e-02
1.042893097012123974e-02
1.038033087471617981e-02
1.055508222956852080e-02
1.038208269097129315e-02
1.065953555434718397e-02
1.035267061805647190e-02
1.035539566556442637e-02
1.018997093947615964e-02
1.014638144834230891e-02
1.911676230314336006e-02
3.433984180002933040e-02
4.272807175326115425e-02
4.731229172155379525e-02
5.071656722400021133e-02
5.407862421824006366e-02
5.577168598618310880e-02
5.626919083488132051e-02
5.780249219881407330e-02
5.728439295027713818e-02
5.830279008390405054e-02
5.679111484622074990e-02
5.755466538734404364e-02
5.422854160194654632e-02
8.044719168424036004e-02
1.118967845447382536e-01
1.270433608631031386e-01
1.362889719259487986e-01
1.427104866185718857e-01
1.428992015797676540e-01
1.471196159608832432e-01
1.466538653878339815e-01
1.442722049511439286e-01
1.411178015198120694e-01
1.400113402287342934e-01
1.427451229782833175e-01
1.862608762290083875e-01
1.967500432215592565e-01
2.074665783039127132e-01
2.059303141571856566e-01
2.078076620955259246e-01
2.209193017297060302e-01
2.251558530361527088e-01
2.335690481637520688e-01
2.458778075013240971e-01
2.613621584110571994e-01
2.787668250762438960e-01
2.964022228124875702e-01
3.124351400820406521e-01
3.252486258952680953e-01
3.337523706128823209e-01
3.375492191431294087e-01
3.369272167243575478e-01
3.326702304088823281e-01
3.257323142121387738e-01
3.169335103439943624e-01
3.068376798772067260e-01
2.958274823265407694e-01
2.842254724006359479e-01
2.722723938018835055e-01
2.599803579953992583e-01
2.470609498021634765e-01
2.331047683257940484e-01
2.179853814992769312e-01
2.022006753149548086e-01
1.868623248317159979e-01
1.732576287664431836e-01
1.622341878595514597e-01
1.537467106195977151e-01
1.468390160098426434e-01
1.400573688390395199e-01
1.320681675603952998e-01
1.221682313532354291e-01
1.104697776024105571e-01
9.774488926726704330e-02
8.507386108259656909e-02
7.348078034989892482e-02
6.368193762554411053e-02
5.598084601190478349e-02
5.027836759100482583e-02
4.616071961663903434e-02
4.303530901525402796e-02
4.029148513639457807e-02
3.744565421893372714e-02
3.423389609208186968e-02
3.062609805741778671e-02
2.676823784941742210e-02
2.288886033180626001e-02
1.921158318883580546e-02
1.590045669777522680e-02
1.304256554972142192e-02
1.065683251071572989e-02
8.713815381706733684e-03
7.156987215195944468e-03
5.920128077024180632e-03
4.939183696962723413e-03
4.159548937453221712e-03
3.537680411039246554e-03
3.039494806879353486e-03
2.637894454890266950e-03
2.310190499620572505e-03
2.036852456405752621e-03
1.801605496173823125e-03
1.591797485762965272e-03
1.399112353713721606e-03
1.219563975882215863e-03
1.053061842102579176e-03
9.019547658545049810e-04
7.692005166541030121e-04
6.564489342655170688e-04
5.629628990186755525e-04
4.857368871266127966e-04
4.204945108127573707e-04
3.630846711513744480e-04
3.105072711475675203e-04
2.612818771110070153e-04
2.150644081594947545e-04
1.722642142549163694e-04
1.335802076761702926e-04
9.982755596558772707e-05
7.171151823004759786e-05
4.964830876954159483e-05
3.345446707476443308e-05
2.242785096130542940e-05
1.543165641686411704e-05
1.122229297626646898e-05
8.698839948876857091e-06
7.018088047429565277e-06
5.669186017728204669e-06
4.429184392485841168e-06
3.253718956973987959e-06
2.214333019481588784e-06
1.382866501601802146e-06
7.857780408837584130e-07
4.047499342214311348e-07
1.886376689038278148e-07
7.904632062608290872e-08
2.995958981072948202e-08
1.020822991613169283e-08
2.906478173437854435e-09
8.099071405241721805e-10
0.000000000000000000e+00
0.000000000000000000e+00
0.000000000000000000e+00
0.000000000000000000e+00
0.000000000000000000e+00
0.000000000000000000e+00
0.000000000000000000e+00
0.000000000000000000e+00
0.000000000000000000e+00
0.000000000000000000e+00
0.000000000000000000e+00
0.000000000000000000e+00
0.000000000000000000e+00
0.000000000000000000e+00
0.000000000000000000e+00
0.000000000000000000e+00
0.000000000000000000e+00
0.000000000000000000e+00
0.000000000000000000e+00
0.000000000000000000e+00
0.000000000000000000e+00
0.000000000000000000e+00
0.000000000000000000e+00
0.000000000000000000e+00
0.000000000000000000e+00
0.000000000000000000e+00
0.000000000000000000e+00
0.000000000000000000e+00
0.000000000000000000e+00
0.000000000000000000e+00
0.000000000000000000e+00
0.000000000000000000e+00
0.000000000000000000e+00
0.000000000000000000e+00
0.000000000000000000e+00
0.000000000000000000e+00
0.000000000000000000e+00
0.000000000000000000e+00
0.000000000000000000e+00
0.000000000000000000e+00
0.000000000000000000e+00
0.000000000000000000e+00
0.000000000000000000e+00
0.000000000000000000e+00
0.000000000000000000e+00
0.000000000000000000e+00
0.000000000000000000e+00
0.000000000000000000e+00
0.000000000000000000e+00
0.000000000000000000e+00
0.000000000000000000e+00
0.000000000000000000e+00
0.000000000000000000e+00
0.000000000000000000e+00
0.000000000000000000e+00
0.000000000000000000e+00
0.000000000000000000e+00
0.000000000000000000e+00
0.000000000000000000e+00
0.000000000000000000e+00
0.000000000000000000e+00
0.000000000000000000e+00
0.000000000000000000e+00
0.000000000000000000e+00
0.000000000000000000e+00
0.000000000000000000e+00
0.000000000000000000e+00
0.000000000000000000e+00
0.000000000000000000e+00
0.000000000000000000e+00
0.000000000000000000e+00
0.000000000000000000e+00
0.000000000000000000e+00
0.000000000000000000e+00
0.000000000000000000e+00
