2.261864221452842383e+00
2.301975163016764636e+00
2.050540484918313755e+00
2.194731150879116743e+00
2.130200050218221008e+00
2.227544309809175616e+00
2.226863441862081405e+00
2.180302836893919238e+00
2.174428576359853427e+00
2.167519819170772077e+00
2.182196976452052350e+00
2.204417778549012663e+00
2.074416456240806728e+00
2.184361639168394209e+00
2.146141616616856318e+00
2.218603050056143555e+00
2.110779477163195583e+00
2.162550164592222046e+00
2.126170032452764591e+00
2.064142310684530912e+00
2.144895288511427633e+00
2.187233461996273221e+00
2.024769830822800376e+00
2.202000092016590749e+00
2.106121911205020680e+00
2.046838484127321500e+00
2.057895402279921182e+00
2.042689683644550502e+00
2.102517835836075655e+00
2.097227839181897924e+00
2.006009041595681275e+00
2.041233306444651063e+00
2.072630639179808831e+00
1.956243785346546860e+00
2.059745275913996476e+00
2.012718939552746722e+00
1.973251208063335982e+00
1.982350869277291316e+00
1.991125464540012269e+00
1.912222291346319158e+00
1.940594544835012814e+00
1.934028013689577330e+00
1.941679594985556978e+00
1.937075775588182447e+00
1.885802961709579062e+00
1.896799084134572322e+00
1.845023104837990591e+00
1.838641149599833158e+00
1.872857525802276379e+00
1.834274601676862959e+00
1.822349203729600520e+00
1.788817020542762037e+00
1.746659739036847014e+00
1.763140982610574392e+00
1.774701995199446047e+00
1.712955461639780408e+00
1.707100143557656491e+00
1.667275998332428122e+00
1.697585963745697590e+00
1.617013527785999605e+00
1.634623714022836127e+00
1.635063321402954184e+00
1.564847623755307282e+00
1.584473349679589305e+00
1.537268298400187305e+00
1.545718039911411212e+00
1.466985523787585066e+00
1.494463147344438303e+00
1.449718631684842940e+00
1.444917041749918196e+00
1.380877313328380485e+00
1.392402694417803621e+00
1.354816226373840582e+00
1.332526382127544373e+00
1.290800625682355651e+00
1.264254537781162258e+00
1.269411734757113219e+00
1.210764244115534405e+00
1.193206567597566936e+00
1.161446748636813631e+00
1.141436565553665572e+00
1.115852696020691814e+00
1.077899196471825860e+00
1.051457575912941200e+00
1.032255545989645418e+00
1.004619714394649366e+00
9.639871011858510697e-01
9.309412961307900192e-01
9.120095968217643012e-01
8.953222848839219594e-01
8.402400674558614391e-01
8.339200966015105632e-01
7.878763061596409933e-01
7.707538815045475999e-01
7.295617865795617218e-01
7.170455710124609139e-01
6.803507597710861665e-01
6.473027301765308383e-01
6.339207134842671509e-01
5.958952412584058722e-01
5.758347809597377243e-01
5.528265239612348836e-01
5.154090240243965892e-01
4.993585777735808917e-01
4.793044477012856075e-01
4.432787531338437947e-01
4.288595433387081823e-01
4.052108361398202852e-01
3.836984960514605580e-01
3.607431162913539158e-01
3.455185829625153082e-01
3.226115494838081577e-01
3.019726050361259961e-01
2.851431303707021581e-01
2.684758917318497140e-01
2.497589304585758341e-01
2.362494512349530007e-01
2.202636308165893952e-01
2.012137413405485076e-01
1.915145023736720131e-01
1.791418637641346845e-01
1.642254529016938802e-01
1.532578161133990313e-01
1.413626097260115011e-01
1.359064369016944052e-01
1.519730111250637561e-01
1.544553662866100519e-01
1.588223914844335838e-01
1.640352673083425028e-01
1.688726876389121667e-01
1.722013520226584604e-01
1.731800380177146437e-01
1.713598204231151501e-01
1.666803038527412406e-01
1.593960300389787033e-01
1.499669132733823795e-01
1.389585881356348585e-01
1.269662684618561577e-01
1.145577371627158336e-01
1.022310613565915183e-01
9.038109384408679614e-02
7.928507996640044020e-02
6.911968664572180898e-02
5.998914733146552825e-02
5.194196418964333595e-02
4.497584434479861420e-02
3.903320447738827664e-02
3.400916229931719853e-02
2.977113024668117530e-02
2.618479241125889340e-02
2.313231174330870887e-02
2.051884504982528709e-02
1.827209656817782232e-02
1.633839896792947666e-02
1.467523457692560505e-02
1.324388079167475307e-02
1.200424746255357444e-02
1.091530124718053871e-02
9.939103208266466052e-03
9.046425299749387069e-03
8.219973143489024692e-03
7.453573318108531499e-03
6.748188136573262698e-03
6.106639213195257099e-03
5.529628944587370969e-03
5.014054257999606481e-03
4.553527898955045741e-03
4.140066517841496652e-03
3.765998804682925329e-03
3.425241105454297080e-03
3.113616922535348500e-03
2.828357052337418347e-03
2.567226545780453961e-03
2.327922017138429195e-03
2.107932187296781678e-03
1.904968065057801533e-03
1.717700696391307857e-03
1.546029375115575734e-03
1.390856513158146394e-03
1.253024051306607769e-03
1.132167229382377571e-03
1.026070018110700460e-03
9.311407698606280524e-04
8.436960868214643050e-04
7.613770608342999846e-04
6.837270801362081837e-04
6.117648836885612295e-04
5.468836374637468974e-04
4.898330298532679265e-04
4.402816895332495577e-04
3.970484300885797108e-04
3.586869746375089246e-04
3.239333855252096196e-04
2.919038118871079314e-04
2.621039283126013982e-04
2.343469824557426232e-04
2.087339898010792693e-04
1.855800802511885835e-04
1.652610545964764712e-04
1.479773147199651593e-04
1.335744383006188271e-04
1.215202273334139364e-04
1.110695159601608707e-04
1.014979684930670422e-04
9.230894079905232130e-05
8.330571335125817986e-05
7.456801812368833596e-05
6.633618753865708553e-05
5.892005384694317869e-05
5.258175092875320386e-05
4.743081041549267348e-05
4.335230253495392431e-05
4.002080705579004927e-05
3.700940973148257238e-05
3.394867307882276023e-05
3.064738801482223075e-05
2.711543580156308399e-05
2.350141643520626904e-05
2.000876221857390434e-05
1.683242350511537013e-05
1.412753810149023968e-05
1.199347488024678809e-05
1.045192693725231208e-05
9.444661660151427272e-06
8.843916245564828352e-06
8.480374823342824714e-06
8.186763331267194195e-06
7.833511852708637769e-06
7.350069324228090138e-06
6.730717961363770187e-06
6.018778228012306632e-06
5.282143083950354353e-06
4.585372566770841462e-06
3.967522921246543500e-06
3.440759840439738170e-06
2.999741060799076192e-06
2.636260322482899757e-06
2.345065188839120107e-06
2.120824969167398202e-06
1.950551750339476513e-06
1.813146444845748393e-06
1.688235063658166854e-06
1.565466251411567123e-06
1.446247716809999287e-06
1.338251915054483615e-06
1.246235839833020602e-06
1.168790251319374232e-06
1.099072815565528272e-06
1.028226210770621635e-06
9.480540543406775623e-07
8.524074003254721314e-07
7.396058851098290897e-07
6.141693006000095541e-07
4.864218691321000168e-07
3.691180668875097250e-07
2.722733574130850944e-07
1.996971436529495689e-07
1.491620714951122399e-07
1.149779203240544900e-07
9.131434930507323779e-08
7.428776637274123721e-08
6.206389746222303647e-08
5.421361622718207973e-08
5.027128735007909046e-08
4.909390470860452180e-08
4.867349426566651762e-08
4.684410094144133164e-08
4.227025129975178926e-08
3.501515785375226106e-08
2.632085340104837284e-08
1.785822642302931991e-08
1.091067418996198089e-08
5.998189635703115589e-09
2.966559256191896777e-09
1.324643802151813645e-09
5.343518417255804912e-10
1.952806446108789118e-10
6.486439647119329073e-11
1.965118264725445890e-11
1.935185655388501967e-12
6.026230519612634629e-13
1.679244376539035489e-13
0.000000000000000000e+00
0.000000000000000000e+00
0.000000000000000000e+00
0.000000000000000000e+00
0.000000000000000000e+00
0.000000000000000000e+00
0.000000000000000000e+00
0.000000000000000000e+00
0.000000000000000000e+00
0.000000000000000000e+00
0.000000000000000000e+00
0.000000000000000000e+00
0.000000000000000000e+00
0.000000000000000000e+00
0.000000000000000000e+00
0.000000000000000000e+00
0.000000000000000000e+00
0.000000000000000000e+00
