0.000000000000000000e+00
0.000000000000000000e+00
0.000000000000000000e+00
0.000000000000000000e+00
0.000000000000000000e+00
0.000000000000000000e+00
0.000000000000000000e+00
0.000000000000000000e+00
0.000000000000000000e+00
0.000000000000000000e+00
0.000000000000000000e+00
0.000000000000000000e+00
0.000000000000000000e+00
0.000000000000000000e+00
0.000000000000000000e+00
0.000000000000000000e+00
0.000000000000000000e+00
0.000000000000000000e+00
0.000000000000000000e+00
0.000000000000000000e+00
0.000000000000000000e+00
0.000000000000000000e+00
0.000000000000000000e+00
0.000000000000000000e+00
0.000000000000000000e+00
0.000000000000000000e+00
0.000000000000000000e+00
0.000000000000000000e+00
0.000000000000000000e+00
0.000000000000000000e+00
0.000000000000000000e+00
0.000000000000000000e+00
0.000000000000000000e+00
0.000000000000000000e+00
0.000000000000000000e+00
0.000000000000000000e+00
0.000000000000000000e+00
0.000000000000000000e+00
0.000000000000000000e+00
0.000000000000000000e+00
0.000000000000000000e+00
0.000000000000000000e+00
0.000000000000000000e+00
0.000000000000000000e+00
0.000000000000000000e+00
0.000000000000000000e+00
0.000000000000000000e+00
0.000000000000000000e+00
0.000000000000000000e+00
0.000000000000000000e+00
0.000000000000000000e+00
0.000000000000000000e+00
0.000000000000000000e+00
0.000000000000000000e+00
0.000000000000000000e+00
0.000000000000000000e+00
0.000000000000000000e+00
0.000000000000000000e+00
0.000000000000000000e+00
0.000000000000000000e+00
0.000000000000000000e+00
0.000000000000000000e+00
0.000000000000000000e+00
0.000000000000000000e+00
0.000000000000000000e+00
0.000000000000000000e+00
0.000000000000000000e+00
0.000000000000000000e+00
0.000000000000000000e+00
0.000000000000000000e+00
0.000000000000000000e+00
0.000000000000000000e+00
0.000000000000000000e+00
0.000000000000000000e+00
0.000000000000000000e+00
0.000000000000000000e+00
0.000000000000000000e+00
0.000000000000000000e+00
0.000000000000000000e+00
0.000000000000000000e+00
0.000000000000000000e+00
0.000000000000000000e+00
0.000000000000000000e+00
0.000000000000000000e+00
0.000000000000000000e+00
0.000000000000000000e+00
0.000000000000000000e+00
0.000000000000000000e+00
0.000000000000000000e+00
0.000000000000000000e+00
0.000000000000000000e+00
0.000000000000000000e+00
0.000000000000000000e+00
0.000000000000000000e+00
0.000000000000000000e+00
0.000000000000000000e+00
0.000000000000000000e+00
0.000000000000000000e+00
0.000000000000000000e+00
0.000000000000000000e+00
0.000000000000000000e+00
0.000000000000000000e+00
0.000000000000000000e+00
0.000000000000000000e+00
0.000000000000000000e+00
0.000000000000000000e+00
0.000000000000000000e+00
0.000000000000000000e+00
0.000000000000000000e+00
0.000000000000000000e+00
0.000000000000000000e+00
0.000000000000000000e+00
0.000000000000000000e+00
0.000000000000000000e+00
0.000000000000000000e+00
0.000000000000000000e+00
0.000000000000000000e+00
0.000000000000000000e+00
0.000000000000000000e+00
0.000000000000000000e+00
0.000000000000000000e+00
0.000000000000000000e+00
0.000000000000000000e+00
0.000000000000000000e+00
0.000000000000000000e+00
0.000000000000000000e+00
9.190326190432417358e-06
0.000000000000000000e+00
0.000000000000000000e+00
6.026172108002992613e-03
2.139789259563503951e-02
1.895216245724404280e-02
1.517259327548484832e-02
2.926268769046504875e-02
7.368967476147815499e-02
8.198958270457931685e-02
7.963090118030212439e-02
9.837221216830088766e-02
1.635456542520170586e-01
1.704973752427580425e-01
1.652855143387025882e-01
1.547620002173723808e-01
2.070964649565418259e-01
2.244906070289801880e-01
2.195076328109751285e-01
2.047427076342213659e-01
1.866918117104082731e-01
2.150913378863617553e-01
2.176874030458099407e-01
2.077735054253748159e-01
1.901652748081197331e-01
1.747253060391575352e-01
1.623101150450718677e-01
1.733201107306255595e-01
1.711058415692190415e-01
1.608316114500050187e-01
1.528011668719210792e-01
1.369103100537827356e-01
1.229292108697289110e-01
1.140423763064142559e-01
1.092042244380088400e-01
1.133208592400760384e-01
1.097275178110449084e-01
1.033148632171150272e-01
9.635909877141993207e-02
8.875393950588884862e-02
8.283900797830928697e-02
7.450014222092327110e-02
6.565857623208332106e-02
6.344398388751586182e-02
5.465981870850843138e-02
5.474846966215259764e-02
5.081619305530010039e-02
4.929502432962829667e-02
4.410691408599522884e-02
4.137427366666837636e-02
3.881883143847215945e-02
3.401212186754787314e-02
3.099488687192360897e-02
3.017532514976525165e-02
2.583311923301937277e-02
2.330869926528626387e-02
2.231311362859229527e-02
1.719647430819771367e-02
1.866668765311531308e-02
1.565429827681104683e-02
1.680621794177920153e-02
1.263590473402649919e-02
1.225504182752546779e-02
9.265938255767533493e-03
1.033149040273331071e-02
9.481515650057921810e-03
7.073146167428626292e-03
5.993384605538950617e-03
7.327959285839293416e-03
6.021325969270004651e-03
5.606300286697104250e-03
4.330388872343451934e-03
5.374832004871045801e-03
3.031778297435499137e-03
3.089838364774626003e-03
2.760065748329683724e-03
2.501083520414627056e-03
2.618045347293880554e-03
2.117885607580666674e-03
1.902625600136019675e-03
1.831358244502030112e-03
1.612344244630848277e-03
1.864035309550321788e-03
1.096354056254439163e-03
1.394303146692277198e-03
8.263884804984541251e-04
1.091955679972983874e-03
1.409428294665454042e-03
3.825920609029593916e-04
6.354381092209493388e-04
3.990248861311827475e-04
4.193650395027840672e-04
1.002424009412907109e-03
5.704263776781970559e-04
3.096314529451170590e-04
1.472484295846552258e-04
2.073247409858662484e-04
2.791721504493716055e-04
1.285954603692306228e-04
2.716021557897355695e-04
7.006005104463779902e-05
2.577709536435663436e-04
2.990551328305490796e-04
1.608255213978259485e-04
1.210538380810669148e-04
1.793441524597700514e-04
8.405078591044133968e-06
1.412644325267685733e-04
1.220048327400576890e-04
2.144288446273311029e-05
8.180910097847158549e-05
0.000000000000000000e+00
3.727882148740534012e-05
6.736000896561403694e-05
0.000000000000000000e+00
3.795016325439878348e-05
4.222713129250446585e-07
7.879053008524793960e-06
4.096312530839474439e-06
9.036654881021062680e-06
0.000000000000000000e+00
9.747964158213315395e-06
2.052467410559851577e-05
1.805091468524831115e-05
1.805192094845097737e-05
8.356497717436991532e-06
3.891289825238637298e-06
9.105355307866070725e-06
0.000000000000000000e+00
1.220864700494055060e-05
0.000000000000000000e+00
2.237831898157283296e-05
0.000000000000000000e+00
0.000000000000000000e+00
0.000000000000000000e+00
6.350678414360489465e-07
0.000000000000000000e+00
0.000000000000000000e+00
0.000000000000000000e+00
0.000000000000000000e+00
0.000000000000000000e+00
0.000000000000000000e+00
1.345107541687000832e-05
0.000000000000000000e+00
0.000000000000000000e+00
0.000000000000000000e+00
0.000000000000000000e+00
0.000000000000000000e+00
0.000000000000000000e+00
0.000000000000000000e+00
0.000000000000000000e+00
0.000000000000000000e+00
0.000000000000000000e+00
0.000000000000000000e+00
0.000000000000000000e+00
0.000000000000000000e+00
0.000000000000000000e+00
0.000000000000000000e+00
0.000000000000000000e+00
0.000000000000000000e+00
0.000000000000000000e+00
0.000000000000000000e+00
0.000000000000000000e+00
0.000000000000000000e+00
0.000000000000000000e+00
0.000000000000000000e+00
0.000000000000000000e+00
0.000000000000000000e+00
0.000000000000000000e+00
0.000000000000000000e+00
0.000000000000000000e+00
0.000000000000000000e+00
0.000000000000000000e+00
0.000000000000000000e+00
