0.000000000000000000e+00
0.000000000000000000e+00
0.000000000000000000e+00
0.000000000000000000e+00
0.000000000000000000e+00
0.000000000000000000e+00
0.000000000000000000e+00
0.000000000000000000e+00
0.000000000000000000e+00
0.000000000000000000e+00
0.000000000000000000e+00
0.000000000000000000e+00
0.000000000000000000e+00
0.000000000000000000e+00
0.000000000000000000e+00
0.000000000000000000e+00
0.000000000000000000e+00
0.000000000000000000e+00
0.000000000000000000e+00
0.000000000000000000e+00
0.000000000000000000e+00
0.000000000000000000e+00
0.000000000000000000e+00
0.000000000000000000e+00
0.000000000000000000e+00
0.000000000000000000e+00
0.000000000000000000e+00
0.000000000000000000e+00
0.000000000000000000e+00
0.000000000000000000e+00
0.000000000000000000e+00
0.000000000000000000e+00
0.000000000000000000e+00
0.000000000000000000e+00
0.000000000000000000e+00
0.000000000000000000e+00
0.000000000000000000e+00
0.000000000000000000e+00
0.000000000000000000e+00
0.000000000000000000e+00
0.000000000000000000e+00
0.000000000000000000e+00
0.000000000000000000e+00
0.000000000000000000e+00
0.000000000000000000e+00
0.000000000000000000e+00
0.000000000000000000e+00
0.000000000000000000e+00
0.000000000000000000e+00
0.000000000000000000e+00
0.000000000000000000e+00
0.000000000000000000e+00
0.000000000000000000e+00
0.000000000000000000e+00
0.000000000000000000e+00
0.000000000000000000e+00
0.000000000000000000e+00
0.000000000000000000e+00
0.000000000000000000e+00
0.000000000000000000e+00
0.000000000000000000e+00
0.000000000000000000e+00
0.000000000000000000e+00
0.000000000000000000e+00
0.000000000000000000e+00
0.000000000000000000e+00
0.000000000000000000e+00
0.000000000000000000e+00
0.000000000000000000e+00
0.000000000000000000e+00
0.000000000000000000e+00
0.000000000000000000e+00
0.000000000000000000e+00
0.000000000000000000e+00
0.000000000000000000e+00
0.000000000000000000e+00
0.000000000000000000e+00
0.000000000000000000e+00
0.000000000000000000e+00
0.000000000000000000e+00
0.000000000000000000e+00
0.000000000000000000e+00
0.000000000000000000e+00
0.000000000000000000e+00
0.000000000000000000e+00
0.000000000000000000e+00
0.000000000000000000e+00
0.000000000000000000e+00
0.000000000000000000e+00
0.000000000000000000e+00
0.000000000000000000e+00
0.000000000000000000e+00
0.000000000000000000e+00
0.000000000000000000e+00
0.000000000000000000e+00
0.000000000000000000e+00
0.000000000000000000e+00
0.000000000000000000e+00
0.000000000000000000e+00
0.000000000000000000e+00
0.000000000000000000e+00
0.000000000000000000e+00
0.000000000000000000e+00
0.000000000000000000e+00
0.000000000000000000e+00
0.000000000000000000e+00
0.000000000000000000e+00
0.000000000000000000e+00
0.000000000000000000e+00
0.000000000000000000e+00
0.000000000000000000e+00
0.000000000000000000e+00
0.000000000000000000e+00
0.000000000000000000e+00
0.000000000000000000e+00
0.000000000000000000e+00
0.000000000000000000e+00
0.000000000000000000e+00
0.000000000000000000e+00
0.000000000000000000e+00
0.000000000000000000e+00
0.000000000000000000e+00
0.000000000000000000e+00
0.000000000000000000e+00
2.706057205078723745e-04
8.122272617828922570e-02
9.763782419796390721e-02
1.292830717562274689e-01
1.737774679043189163e-01
2.276163400697855943e-01
2.864342813999297688e-01
3.454824557435515753e-01
4.002210369682436264e-01
4.468594381534024551e-01
4.826998537993085758e-01
5.062474196360746692e-01
5.171492372376395030e-01
5.160571671752134382e-01
5.044573247959143192e-01
4.844436034540184899e-01
4.583998933517776653e-01
4.286239782620432370e-01
3.970049120965722933e-01
3.648757388572682059e-01
3.330777982305771490e-01
3.021567474167877743e-01
2.725486160931929192e-01
2.446530661566389819e-01
2.187969093435063184e-01
1.951611942346979933e-01
1.737549734479797159e-01
1.544668691043230013e-01
1.371599704063700409e-01
1.217416047251941996e-01
1.081696205090561108e-01
9.639674136920220460e-02
8.630125598392737740e-02
7.766324615518334362e-02
7.021019645620629746e-02
6.370259555537632901e-02
5.799854099914645428e-02
5.304956864493529101e-02
4.883041032801661852e-02
4.526020498412362814e-02
4.217661983281150578e-02
3.938119702478892065e-02
3.671600756808605232e-02
3.411336156793506880e-02
3.158527183454100384e-02
2.917116679294938508e-02
2.688934954458013782e-02
2.472563192339050434e-02
2.265659092489743370e-02
2.067731651163889905e-02
1.880944541459786054e-02
1.708423505456882138e-02
1.551777616139997720e-02
1.409876256381206380e-02
1.279729110718107361e-02
1.158345062682697955e-02
1.044398255063605507e-02
9.384692876493336278e-03
8.420308939635896481e-03
7.560581112338074852e-03
6.802315905504442012e-03
6.129835909952251714e-03
5.522745992069858466e-03
4.964517507609174200e-03
4.447236546061559929e-03
3.971104077946067609e-03
3.540483378787236037e-03
3.159301826339078103e-03
2.827459006031803144e-03
2.539975622819535400e-03
2.288285907412229703e-03
2.062849349199397976e-03
1.855850052618025856e-03
1.662739494507728052e-03
1.482219248779051077e-03
1.315089914830668439e-03
1.162816745417647856e-03
1.026577624695994674e-03
9.067756977314024580e-04
8.029197876057780426e-04
7.136352375916971916e-04
6.368173270875492368e-04
5.699516201687204872e-04
5.106086812626204957e-04
4.568924190813703845e-04
4.077006976393965452e-04
3.626704152829060947e-04
3.218747169229748046e-04
2.854262712277769740e-04
2.532089305138544378e-04
2.247982708227641829e-04
1.995795414241243056e-04
1.769367626802057620e-04
1.564225481893487333e-04
1.378300345206929177e-04
1.211476120563626207e-04
1.064398126530191933e-04
9.371220885051366543e-05
8.282310865382720374e-05
7.349631037945811285e-05
6.539210434065455182e-05
5.820145377976871899e-05
5.170684775622703044e-05
4.580286031557659733e-05
4.046902261669324210e-05
3.573250449649115532e-05
3.161767254322101687e-05
2.810452474496419030e-05
2.511969317354917374e-05
2.255290635110131822e-05
2.029597092390372976e-05
1.826054443415958773e-05
1.638048525885008630e-05
1.459662226894907165e-05
1.286142246847880738e-05
1.115715943428957907e-05
9.521483726010924887e-06
8.039446445326185059e-06
6.805475449223692599e-06
5.874601408617811082e-06
5.237155712851672870e-06
4.825020087704599368e-06
4.541647325937227025e-06
4.295804302085390405e-06
4.024232911831691488e-06
3.699662493945279578e-06
3.327594098513588789e-06
2.934445064879225080e-06
2.552101239069376694e-06
2.205137693059609210e-06
1.904957867046022395e-06
1.652795462269791143e-06
1.444877817199973283e-06
1.276515385765913647e-06
1.141895623633806093e-06
1.032695624087407749e-06
9.378419482085419051e-07
8.475899709949580187e-07
7.580348448866033234e-07
6.728799877591314480e-07
6.005645593579236118e-07
5.477442189435625767e-07
5.142402175716090381e-07
4.920753027053355594e-07
4.693874024165554464e-07
4.365778995516011011e-07
3.903775589090687550e-07
3.343941122119754006e-07
2.758065881951105358e-07
2.213591813031407158e-07
1.748830948646239044e-07
1.370360921505529330e-07
1.066519878884592643e-07
8.223341391623357551e-08
6.267608253448592045e-08
4.728527237545536453e-08
3.559946718211908490e-08
2.721608296652201237e-08
2.183490215609218956e-08
1.912842689937884995e-08
1.858938963965850645e-08
1.934848599482953058e-08
2.026902519889190469e-08
2.024278650716559875e-08
1.866955248115582216e-08
1.563231387553696694e-08
1.179673710584791076e-08
7.991383295617765841e-09
4.851987756486831033e-09
2.637235014373500546e-09
1.284318242281317377e-09
5.598562384652191775e-10
2.184617436231505616e-10
7.631075726034951125e-11
2.386304100596707398e-11
6.762806184952154627e-12
