8.735508779901479670e-02
1.032415459290469684e-01
2.611026670110740411e-01
3.036013030905270194e-01
5.028217654150997085e-01
3.034582553794239468e-01
2.907478716359139792e-01
1.602663957273540996e-01
2.847225598701650373e-01
5.554321568350555349e-01
2.514504419132100876e-01
1.382465102714048322e-01
2.884212833515060748e-01
5.717462855948148848e-01
1.319158952996120904e-01
1.608316691049101188e-01
6.528964655096185510e-01
1.511751120380347979e-01
2.483118611831399147e-01
5.127697059556265424e-01
1.742513534948784970e-01
2.496199206111140434e-01
4.433434690632163111e-01
1.953449015826989599e-01
4.943460394523243040e-01
1.742678358593810484e-01
3.748750310415175369e-01
2.805036156554846505e-01
3.525376875167113289e-01
2.937000411166763580e-01
3.081955240043913191e-01
4.345306698777994803e-01
3.273704703508958369e-01
2.382949238558128291e-01
4.785254102633296203e-01
1.741806269059989476e-01
3.476316490464613218e-01
4.584062754531485484e-01
2.578466868375257626e-01
3.923350419597273486e-01
4.286088347568829393e-01
3.250264657233374876e-01
2.331091470976320301e-01
3.457581057691073156e-01
3.707871647903639989e-01
3.794870628484425246e-01
3.823815861227026769e-01
3.833739000764981308e-01
3.716446119175748075e-01
3.579806428025953391e-01
3.670323928826426663e-01
3.650138042454600940e-01
3.427895657962365394e-01
3.723452959492939418e-01
3.512110002492058736e-01
5.126127430494197279e-01
3.750222551194668519e-01
3.567993660518610222e-01
4.912495907501717163e-01
3.461350373032948124e-01
3.513885414301812782e-01
5.076904556615260411e-01
3.481277578687030916e-01
4.630316345750762341e-01
4.674393750372386469e-01
3.688227214508907892e-01
4.933648182894569412e-01
4.361469132527742709e-01
4.524664699308367233e-01
4.280516070605862589e-01
4.407751157845319900e-01
4.800756044665965838e-01
5.006183462132918205e-01
4.954003187034697886e-01
4.300794649774503098e-01
4.752359586822472726e-01
4.645909765799924318e-01
4.857247914484488227e-01
4.757572414372109870e-01
5.053213497084175776e-01
5.138878719141551921e-01
4.907932407396157215e-01
4.745626330305041107e-01
5.312605108248008579e-01
5.127780176582108496e-01
4.813900578734960911e-01
5.417347539556812697e-01
4.956796853408917958e-01
5.621221515517131895e-01
5.369607868391821359e-01
5.325570082036662489e-01
5.768550099758564809e-01
5.518834407998243208e-01
5.699666316863979398e-01
5.585374595055261349e-01
5.494260395387954299e-01
5.449118252355964476e-01
5.217592311920854486e-01
5.408569427143836705e-01
5.356349235837657430e-01
5.414395265059276374e-01
5.451839808637938267e-01
5.447074618328662243e-01
5.335982167159651901e-01
5.368142199517842439e-01
5.442926673496706336e-01
5.385673607509909866e-01
5.411321094728617220e-01
5.085877510769766241e-01
4.755785383344677819e-01
4.582539984634181329e-01
4.473149669690436037e-01
4.358461484174258604e-01
4.467456318068157572e-01
4.271057071265594862e-01
4.315415405707762053e-01
4.229006181191708458e-01
4.277463159307646756e-01
4.210844855130824183e-01
4.101482242457898386e-01
3.618929398578425438e-01
3.355684902173148854e-01
3.235101709197865105e-01
3.100440320046481402e-01
2.951489230887359150e-01
2.839461823946148322e-01
2.823272174467404416e-01
2.789963193934382746e-01
2.738765454870126237e-01
2.670592307538575128e-01
2.588803726014594075e-01
2.498825706825140713e-01
2.406611245978156344e-01
2.316807734028711874e-01
2.231410883448732008e-01
2.149384922699199563e-01
2.067207932641344781e-01
1.980328842927451816e-01
1.885353327711045135e-01
1.781882438591496087e-01
1.672761272311276137e-01
1.562394418603428592e-01
1.454378224747728821e-01
1.350551370205992363e-01
1.252119804538667502e-01
1.161344463266903021e-01
1.081700086175696740e-01
1.015584409004638838e-01
9.612825234273152109e-02
9.117208628351164412e-02
8.567361666372036444e-02
7.876857946100437879e-02
7.019055542847209284e-02
6.043502310243728526e-02
5.056277165568075216e-02
4.176434043593373058e-02
3.491630553830142591e-02
3.032614229425675476e-02
2.773044313450281559e-02
2.647395117921145374e-02
2.575838678445269841e-02
2.486208252002228627e-02
2.329249737915810997e-02
2.085920021897974888e-02
1.767052451201066993e-02
1.405738808549840749e-02
1.044640821951434845e-02
7.224993467516292039e-03
4.642957033824011807e-03
2.779119261662056205e-03
1.568939022683153630e-03
8.669735782459852148e-04
5.102309669028821677e-04
3.603910208917421114e-04
3.201365988506462627e-04
3.299638392100011450e-04
3.579399702552761228e-04
3.876888956179837123e-04
4.106033690877794896e-04
4.214871793571118566e-04
4.166797697839619286e-04
3.945773033995609680e-04
3.562379352110322302e-04
3.054575389218344857e-04
2.480109866757061504e-04
1.902334654143547534e-04
1.375624222671956924e-04
9.356817556447807177e-05
5.969768243970826748e-05
3.560403358295691770e-05
1.976830519508439201e-05
1.016795779439296896e-05
4.819286496931291442e-06
2.094103977791496721e-06
8.287645700341087713e-07
2.968473732556244991e-07
9.394064048260096401e-08
2.601908959298389874e-08
6.612095551796525216e-09
0.000000000000000000e+00
0.000000000000000000e+00
0.000000000000000000e+00
0.000000000000000000e+00
0.000000000000000000e+00
0.000000000000000000e+00
0.000000000000000000e+00
0.000000000000000000e+00
0.000000000000000000e+00
0.000000000000000000e+00
0.000000000000000000e+00
0.000000000000000000e+00
0.000000000000000000e+00
0.000000000000000000e+00
0.000000000000000000e+00
0.000000000000000000e+00
0.000000000000000000e+00
0.000000000000000000e+00
0.000000000000000000e+00
0.000000000000000000e+00
0.000000000000000000e+00
0.000000000000000000e+00
0.000000000000000000e+00
0.000000000000000000e+00
0.000000000000000000e+00
0.000000000000000000e+00
0.000000000000000000e+00
0.000000000000000000e+00
0.000000000000000000e+00
0.000000000000000000e+00
0.000000000000000000e+00
0.000000000000000000e+00
0.000000000000000000e+00
0.000000000000000000e+00
0.000000000000000000e+00
0.000000000000000000e+00
0.000000000000000000e+00
0.000000000000000000e+00
0.000000000000000000e+00
0.000000000000000000e+00
0.000000000000000000e+00
0.000000000000000000e+00
0.000000000000000000e+00
0.000000000000000000e+00
0.000000000000000000e+00
0.000000000000000000e+00
0.000000000000000000e+00
0.000000000000000000e+00
0.000000000000000000e+00
0.000000000000000000e+00
0.000000000000000000e+00
0.000000000000000000e+00
0.000000000000000000e+00
0.000000000000000000e+00
0.000000000000000000e+00
0.000000000000000000e+00
0.000000000000000000e+00
0.000000000000000000e+00
0.000000000000000000e+00
0.000000000000000000e+00
0.000000000000000000e+00
0.000000000000000000e+00
0.000000000000000000e+00
0.000000000000000000e+00
0.000000000000000000e+00
0.000000000000000000e+00
0.000000000000000000e+00
0.000000000000000000e+00
0.000000000000000000e+00
0.000000000000000000e+00
0.000000000000000000e+00
0.000000000000000000e+00
0.000000000000000000e+00
0.000000000000000000e+00
0.000000000000000000e+00
0.000000000000000000e+00
0.000000000000000000e+00
0.000000000000000000e+00
0.000000000000000000e+00
0.000000000000000000e+00
0.000000000000000000e+00
0.000000000000000000e+00
0.000000000000000000e+00
0.000000000000000000e+00
0.000000000000000000e+00
0.000000000000000000e+00
0.000000000000000000e+00
0.000000000000000000e+00
0.000000000000000000e+00
0.000000000000000000e+00
0.000000000000000000e+00
0.000000000000000000e+00
0.000000000000000000e+00
0.000000000000000000e+00
0.000000000000000000e+00
0.000000000000000000e+00
0.000000000000000000e+00
0.000000000000000000e+00
0.000000000000000000e+00
0.000000000000000000e+00
0.000000000000000000e+00
