0.000000000000000000e+00
0.000000000000000000e+00
0.000000000000000000e+00
0.000000000000000000e+00
0.000000000000000000e+00
0.000000000000000000e+00
0.000000000000000000e+00
0.000000000000000000e+00
0.000000000000000000e+00
0.000000000000000000e+00
0.000000000000000000e+00
0.000000000000000000e+00
0.000000000000000000e+00
0.000000000000000000e+00
0.000000000000000000e+00
0.000000000000000000e+00
0.000000000000000000e+00
0.000000000000000000e+00
0.000000000000000000e+00
0.000000000000000000e+00
0.000000000000000000e+00
0.000000000000000000e+00
0.000000000000000000e+00
0.000000000000000000e+00
0.000000000000000000e+00
0.000000000000000000e+00
0.000000000000000000e+00
0.000000000000000000e+00
0.000000000000000000e+00
0.000000000000000000e+00
0.000000000000000000e+00
0.000000000000000000e+00
0.000000000000000000e+00
0.000000000000000000e+00
0.000000000000000000e+00
0.000000000000000000e+00
0.000000000000000000e+00
0.000000000000000000e+00
0.000000000000000000e+00
0.000000000000000000e+00
0.000000000000000000e+00
0.000000000000000000e+00
0.000000000000000000e+00
0.000000000000000000e+00
0.000000000000000000e+00
0.000000000000000000e+00
0.000000000000000000e+00
0.000000000000000000e+00
0.000000000000000000e+00
0.000000000000000000e+00
0.000000000000000000e+00
0.000000000000000000e+00
0.000000000000000000e+00
0.000000000000000000e+00
0.000000000000000000e+00
0.000000000000000000e+00
0.000000000000000000e+00
0.000000000000000000e+00
0.000000000000000000e+00
0.000000000000000000e+00
0.000000000000000000e+00
0.000000000000000000e+00
0.000000000000000000e+00
0.000000000000000000e+00
0.000000000000000000e+00
0.000000000000000000e+00
0.000000000000000000e+00
0.000000000000000000e+00
0.000000000000000000e+00
0.000000000000000000e+00
0.000000000000000000e+00
0.000000000000000000e+00
0.000000000000000000e+00
0.000000000000000000e+00
0.000000000000000000e+00
0.000000000000000000e+00
0.000000000000000000e+00
0.000000000000000000e+00
0.000000000000000000e+00
0.000000000000000000e+00
0.000000000000000000e+00
0.000000000000000000e+00
0.000000000000000000e+00
0.000000000000000000e+00
0.000000000000000000e+00
0.000000000000000000e+00
0.000000000000000000e+00
0.000000000000000000e+00
0.000000000000000000e+00
0.000000000000000000e+00
0.000000000000000000e+00
0.000000000000000000e+00
0.000000000000000000e+00
0.000000000000000000e+00
0.000000000000000000e+00
0.000000000000000000e+00
0.000000000000000000e+00
0.000000000000000000e+00
0.000000000000000000e+00
0.000000000000000000e+00
0.000000000000000000e+00
0.000000000000000000e+00
0.000000000000000000e+00
0.000000000000000000e+00
0.000000000000000000e+00
0.000000000000000000e+00
0.000000000000000000e+00
0.000000000000000000e+00
0.000000000000000000e+00
0.000000000000000000e+00
0.000000000000000000e+00
0.000000000000000000e+00
0.000000000000000000e+00
0.000000000000000000e+00
0.000000000000000000e+00
0.000000000000000000e+00
0.000000000000000000e+00
0.000000000000000000e+00
0.000000000000000000e+00
0.000000000000000000e+00
0.000000000000000000e+00
0.000000000000000000e+00
0.000000000000000000e+00
5.412115434611397546e-03
2.898944468214280715e-02
4.626312780769251121e-01
4.954868948925875149e-01
5.533579177681657857e-01
6.231429566365500605e-01
6.904463755678715842e-01
7.432638396238990808e-01
7.741582028341309485e-01
7.806270798666681277e-01
7.641733794720177997e-01
7.288626739625756468e-01
6.799637401107203605e-01
6.229007271448974148e-01
5.625347708467333119e-01
5.027318388110431080e-01
4.461774304574106509e-01
3.944175478578693106e-01
3.480636823046854844e-01
3.070626489967170358e-01
2.709694817288555435e-01
2.391805989850605552e-01
2.110951415488339367e-01
1.862061118037866003e-01
1.641228451534340604e-01
1.445486581999082254e-01
1.272381106830453579e-01
1.119641284531657510e-01
9.850286204649258415e-02
8.663680926655420445e-02
7.616517589700462498e-02
6.691524588394150153e-02
5.874693199253094161e-02
5.154891844505581078e-02
4.522920555568344519e-02
3.970527889853497916e-02
3.489665012391772458e-02
3.072110750730988951e-02
2.709532373641521455e-02
2.393783089964922339e-02
2.117360143830772021e-02
1.873788246107284741e-02
1.657885641579462041e-02
1.465793444764107098e-02
1.294781287245740098e-02
1.142906986801816779e-02
1.008617032560276371e-02
8.904107312275706676e-03
7.866700503981662734e-03
6.956772661455417305e-03
6.157348079322871176e-03
5.453112491446398744e-03
4.831117575623038174e-03
4.280792425800525325e-03
3.793380687087864744e-03
3.361303355676901507e-03
2.977894712993194026e-03
2.637432795345017594e-03
2.335373805607123508e-03
2.068165309001655273e-03
1.832831468569330949e-03
1.626243160724239996e-03
1.444817075402309980e-03
1.284657491603011584e-03
1.142205251159841926e-03
1.014768522175530556e-03
9.006983951314910183e-04
7.990625164414733679e-04
7.091370668546523315e-04
6.300080701454677115e-04
5.603652848107084977e-04
4.986139110885049516e-04
4.431907394152837117e-04
3.929247213045176414e-04
3.472381992264953116e-04
3.061293087477678942e-04
2.698591432614714852e-04
2.385776053072788719e-04
2.120706952562964847e-04
1.897326275704510831e-04
1.707051278190150560e-04
1.541185434959962996e-04
1.392752784592596760e-04
1.257335900989282960e-04
1.133024109493850835e-04
1.019595401280301426e-04
9.172974736682457087e-05
8.259967053267979549e-05
7.445913187314705923e-05
6.713841769380039836e-05
6.046395283714897856e-05
5.432048772134866763e-05
4.864770142502343453e-05
4.339134826578351986e-05
3.846001457667240329e-05
3.373715973378962343e-05
2.915013694130340707e-05
2.474187292856811290e-05
2.068072236000451368e-05
1.718444791140166388e-05
1.441192924388405625e-05
1.239045811281286860e-05
1.100937701925268492e-05
1.006749086893076562e-05
9.348332728886837628e-06
8.676394657708099266e-06
7.953037564285569768e-06
7.156497852205569228e-06
6.321773731377735908e-06
5.506080291696961868e-06
4.757384289363526683e-06
4.099815981610326586e-06
3.539345486677044634e-06
3.073560130963744025e-06
2.698131234169762830e-06
2.403910517276178381e-06
2.172445521235534458e-06
1.976481395916360905e-06
1.789741083013781698e-06
1.599003323357837905e-06
1.408740128293925344e-06
1.237626688626979560e-06
1.105693359989738099e-06
1.021978818421387824e-06
9.790317052213735333e-07
9.551716321954329342e-07
9.244182137892192343e-07
8.679846649334424296e-07
7.809701235339058910e-07
6.720267297402962702e-07
5.562664600511344929e-07
4.474337008055943536e-07
3.533736194898452871e-07
2.756149845076476951e-07
2.125043182086676488e-07
1.617319651311381048e-07
1.215753174397614408e-07
9.073228858845497148e-08
6.800806230236438088e-08
5.217749746223014846e-08
4.229031217679428876e-08
3.751814041671896522e-08
3.683009603127177853e-08
3.855063126145808399e-08
4.048267355453270186e-08
4.046587861370098708e-08
3.733006009169602488e-08
3.126270488700228636e-08
2.359202316444102537e-08
1.598178362718415026e-08
9.703378708568589478e-09
5.274145646088946020e-09
2.568478513241238974e-09
1.119643615098637511e-09
4.368966168852100949e-10
1.526121285434759290e-10
4.772314696756744872e-11
1.336037739044467874e-11
1.644032224775992872e-13
0.000000000000000000e+00
0.000000000000000000e+00
0.000000000000000000e+00
0.000000000000000000e+00
0.000000000000000000e+00
0.000000000000000000e+00
0.000000000000000000e+00
0.000000000000000000e+00
0.000000000000000000e+00
0.000000000000000000e+00
0.000000000000000000e+00
0.000000000000000000e+00
0.000000000000000000e+00
0.000000000000000000e+00
0.000000000000000000e+00
0.000000000000000000e+00
0.000000000000000000e+00
0.000000000000000000e+00
