mu  pmu  pmuanyl
0.010000 2.311929e+00 1.941180e+00
0.010393 1.873348e+00 1.938919e+00
0.010801 1.633594e+00 1.936572e+00
0.011225 1.680294e+00 1.934137e+00
0.011665 2.086225e+00 1.931611e+00
0.012123 2.057608e+00 1.928990e+00
0.012599 2.028176e+00 1.926272e+00
0.013094 2.090964e+00 1.923452e+00
0.013608 2.280246e+00 1.920527e+00
0.014142 2.065049e+00 1.917494e+00
0.014697 1.821459e+00 1.914349e+00
0.015274 1.991656e+00 1.911087e+00
0.015873 2.223054e+00 1.907705e+00
0.016496 1.733395e+00 1.904199e+00
0.017144 2.093771e+00 1.900564e+00
0.017817 2.117125e+00 1.896797e+00
0.018516 2.070012e+00 1.892892e+00
0.019243 2.023438e+00 1.888845e+00
0.019999 1.734053e+00 1.884651e+00
0.020784 1.785644e+00 1.880306e+00
0.021600 2.253371e+00 1.875805e+00
0.022448 2.168255e+00 1.871142e+00
0.023329 1.799480e+00 1.866313e+00
0.024245 1.831886e+00 1.861311e+00
0.025196 2.076594e+00 1.856132e+00
0.026185 1.765811e+00 1.850770e+00
0.027213 2.168603e+00 1.845219e+00
0.028282 1.850054e+00 1.839474e+00
0.029392 1.842271e+00 1.833529e+00
0.030546 2.091367e+00 1.827377e+00
0.031745 1.916543e+00 1.821013e+00
0.032991 1.807267e+00 1.814431e+00
0.034286 1.880960e+00 1.807624e+00
0.035632 1.912359e+00 1.800585e+00
0.037031 1.987991e+00 1.793309e+00
0.038484 1.691572e+00 1.785789e+00
0.039995 2.068822e+00 1.778018e+00
0.041565 1.741842e+00 1.769990e+00
0.043197 1.915483e+00 1.761697e+00
0.044893 1.910892e+00 1.753134e+00
0.046655 1.799590e+00 1.744294e+00
0.048486 1.769258e+00 1.735169e+00
0.050390 1.859390e+00 1.725753e+00
0.052368 1.754302e+00 1.716040e+00
0.054423 1.755111e+00 1.706023e+00
0.056560 1.796383e+00 1.695695e+00
0.058780 1.832033e+00 1.685049e+00
0.061088 1.663237e+00 1.674080e+00
0.063486 1.811245e+00 1.662781e+00
0.065978 1.696722e+00 1.651146e+00
0.068568 1.668124e+00 1.639169e+00
0.071260 1.784409e+00 1.626844e+00
0.074057 1.601992e+00 1.614166e+00
0.076964 1.786536e+00 1.601129e+00
0.079985 1.612563e+00 1.587729e+00
0.083125 1.639481e+00 1.573961e+00
0.086388 1.739534e+00 1.559821e+00
0.089780 1.524741e+00 1.545305e+00
0.093304 1.610602e+00 1.530408e+00
0.096967 1.637606e+00 1.515130e+00
0.100773 1.521412e+00 1.499466e+00
0.104729 1.533656e+00 1.483415e+00
0.108840 1.526034e+00 1.466976e+00
0.113113 1.522179e+00 1.450149e+00
0.117553 1.537139e+00 1.432932e+00
0.122168 1.484057e+00 1.415327e+00
0.126964 1.456752e+00 1.397335e+00
0.131948 1.443224e+00 1.378958e+00
0.137127 1.428641e+00 1.360200e+00
0.142510 1.374677e+00 1.341064e+00
0.148105 1.400802e+00 1.321556e+00
0.153919 1.328126e+00 1.301681e+00
0.159961 1.357831e+00 1.281445e+00
0.166240 1.280923e+00 1.260858e+00
0.172766 1.288884e+00 1.239926e+00
0.179548 1.280861e+00 1.218662e+00
0.186596 1.268345e+00 1.197074e+00
0.193921 1.232986e+00 1.175176e+00
0.201534 1.189431e+00 1.152981e+00
0.209445 1.179361e+00 1.130502e+00
0.217667 1.168354e+00 1.107757e+00
0.226212 1.113464e+00 1.084760e+00
0.235092 1.123164e+00 1.061530e+00
0.244320 1.068288e+00 1.038086e+00
0.253911 1.037520e+00 1.014447e+00
0.263879 1.046748e+00 9.906348e-01
0.274238 1.000553e+00 9.666710e-01
0.285003 9.819722e-01 9.425785e-01
0.296191 9.654212e-01 9.183811e-01
0.307818 9.131424e-01 8.941036e-01
0.319902 9.071780e-01 8.697714e-01
0.332460 8.967013e-01 8.454105e-01
0.345511 8.399389e-01 8.210479e-01
0.359074 8.200726e-01 7.967108e-01
0.373170 8.021390e-01 7.724269e-01
0.387819 7.859589e-01 7.482242e-01
0.403043 7.592900e-01 7.241312e-01
0.418865 7.160844e-01 7.001760e-01
0.435307 7.058075e-01 6.763870e-01
0.452396 6.831816e-01 6.527926e-01
0.470155 6.521997e-01 6.294205e-01
0.488611 6.275642e-01 6.062983e-01
0.507792 6.002649e-01 5.834531e-01
0.527725 5.845085e-01 5.609111e-01
0.548442 5.591019e-01 5.386981e-01
0.569971 5.294436e-01 5.168387e-01
0.592346 5.094450e-01 4.953565e-01
0.615599 4.931667e-01 4.742743e-01
0.639764 4.726364e-01 4.536132e-01
0.664879 4.566137e-01 4.333932e-01
0.690979 4.296807e-01 4.136331e-01
0.718104 4.041308e-01 3.943499e-01
0.746294 3.864199e-01 3.755591e-01
0.775590 3.726082e-01 3.572745e-01
0.806036 3.532500e-01 3.395085e-01
0.837678 3.311912e-01 3.222716e-01
0.870561 3.165846e-01 3.055725e-01
0.904736 3.019364e-01 2.894182e-01
0.940252 2.801784e-01 2.738141e-01
0.977162 2.658595e-01 2.587636e-01
1.015521 2.564163e-01 2.442688e-01
1.055386 2.415425e-01 2.303296e-01
1.096816 2.218794e-01 2.169447e-01
1.139872 2.086947e-01 2.041110e-01
1.184619 2.013253e-01 1.918240e-01
1.231122 1.872962e-01 1.800778e-01
1.279450 1.735643e-01 1.688650e-01
1.329676 1.628902e-01 1.581770e-01
1.381873 1.536555e-01 1.480042e-01
1.436120 1.448860e-01 1.383357e-01
1.492496 1.332986e-01 1.291596e-01
1.551084 1.219876e-01 1.204635e-01
1.611973 1.170024e-01 1.122338e-01
1.675252 1.089512e-01 1.044565e-01
1.741016 1.016907e-01 9.711704e-02
1.809360 9.213324e-02 9.020023e-02
1.880388 8.735890e-02 8.369066e-02
1.954204 8.032314e-02 7.757264e-02
2.030918 7.429340e-02 7.183029e-02
2.110643 6.975760e-02 6.644765e-02
2.193497 6.407162e-02 6.140876e-02
2.279605 5.738122e-02 5.669771e-02
2.369092 5.418653e-02 5.229876e-02
2.462092 5.016289e-02 4.819634e-02
2.558744 4.541481e-02 4.437516e-02
2.659189 4.255540e-02 4.082024e-02
2.763577 3.962705e-02 3.751695e-02
2.872063 3.558821e-02 3.445107e-02
2.984808 3.179795e-02 3.160879e-02
3.101979 3.059685e-02 2.897676e-02
3.223749 2.755386e-02 2.654213e-02
3.350299 2.487871e-02 2.429252e-02
3.481818 2.393897e-02 2.221608e-02
3.618499 2.017640e-02 2.030147e-02
3.760545 1.989964e-02 1.853787e-02
3.908168 1.712420e-02 1.691499e-02
4.061586 1.632758e-02 1.542305e-02
4.221026 1.398120e-02 1.405278e-02
4.386726 1.373048e-02 1.279545e-02
4.558929 1.227767e-02 1.164277e-02
4.737893 1.091502e-02 1.058699e-02
4.923883 1.013204e-02 9.620788e-03
5.117173 9.273750e-03 8.737309e-03
5.318051 7.893824e-03 7.930135e-03
5.526815 7.595652e-03 7.193266e-03
5.743774 6.461352e-03 6.521102e-03
5.969250 6.624979e-03 5.908428e-03
6.203576 5.295933e-03 5.350391e-03
6.447102 5.095890e-03 4.842483e-03
6.700188 4.630993e-03 4.380524e-03
6.963208 4.019197e-03 3.960644e-03
7.236553 3.783307e-03 3.579262e-03
7.520629 3.478605e-03 3.233069e-03
7.815857 2.880156e-03 2.919016e-03
8.122674 2.696462e-03 2.634290e-03
8.441535 2.450464e-03 2.376305e-03
8.772913 2.427253e-03 2.142683e-03
9.117299 2.001916e-03 1.931240e-03
9.475205 1.733668e-03 1.739972e-03
9.847161 1.729967e-03 1.567046e-03
10.233718 1.367368e-03 1.410780e-03
10.635450 1.315718e-03 1.269640e-03
11.052951 1.266020e-03 1.142220e-03
11.486843 9.533727e-04 1.027240e-03
11.937766 1.070255e-03 9.235323e-04
12.406392 9.317491e-04 8.300310e-04
12.893413 7.078060e-04 7.457670e-04
13.399553 7.718795e-04 6.698584e-04
13.925561 5.242753e-04 6.015033e-04
14.472219 5.885506e-04 5.399732e-04
15.040336 5.663193e-04 4.846070e-04
15.630754 4.281576e-04 4.348046e-04
16.244350 3.745316e-04 3.900224e-04
16.882033 3.964230e-04 3.497674e-04
17.544749 3.120946e-04 3.135936e-04
18.233480 3.003059e-04 2.810971e-04
18.949248 2.247486e-04 2.519129e-04
19.693113 3.089417e-04 2.257109e-04
20.466180 1.486360e-04 2.021928e-04
21.269594 2.574389e-04 1.810894e-04
22.104546 1.376193e-04 1.621577e-04
22.972275 1.324210e-04 1.451785e-04
23.874068 1.529029e-04 1.299540e-04
24.811261 1.226061e-04 1.163061e-04
25.785244 9.437992e-05 1.040742e-04
26.797461 1.362224e-04 9.311392e-05
27.849414 6.553843e-05 8.329502e-05
28.942661 6.306286e-05 7.450043e-05
30.078825 8.090772e-05 6.662485e-05
31.259590 7.785161e-05 5.957355e-05
32.486707 5.618319e-05 5.326141e-05
33.761994 3.604066e-05 4.761195e-05
35.087345 5.201895e-05 4.255643e-05
36.464722 5.005405e-05 3.803316e-05
37.896170 1.605445e-05 3.398674e-05
39.383810 3.089606e-05 3.036744e-05
40.929848 4.459354e-05 2.713065e-05
42.536577 2.860608e-05 2.423635e-05
44.206380 1.376277e-05 2.164865e-05
45.941731 1.324291e-05 1.933538e-05
47.745205 2.548538e-05 1.726769e-05
49.619476 2.452272e-05 1.541974e-05
51.567322 1.179821e-05 1.376837e-05
53.591633 1.135256e-05 1.229283e-05
55.695409 1.092374e-05 1.097454e-05
57.881770 0.000000e+00 9.796872e-06
60.153959 1.011409e-05 8.744929e-06
62.515344 9.732048e-06 7.805380e-06
64.969426 1.872888e-05 6.966295e-06
67.519845 9.010719e-06 6.217000e-06
70.170383 0.000000e+00 5.547944e-06
72.924969 0.000000e+00 4.950585e-06
75.787689 0.000000e+00 4.417283e-06
78.762786 7.724490e-06 3.941205e-06
81.854673 7.432713e-06 3.516244e-06
85.067934 0.000000e+00 3.136937e-06
88.407334 6.881808e-06 2.798405e-06
91.877824 6.621863e-06 2.496283e-06
95.484551 0.000000e+00 2.226674e-06
99.232862 0.000000e+00 1.986093e-06
103.128316 0.000000e+00 1.771428e-06
107.176689 0.000000e+00 1.579898e-06
111.383983 5.462207e-06 1.409019e-06
115.756437 0.000000e+00 1.256572e-06
120.300535 0.000000e+00 1.120577e-06
125.023015 0.000000e+00 9.992644e-07
129.930878 0.000000e+00 8.910534e-07
135.031404 0.000000e+00 7.945339e-07
140.332154 8.670890e-06 7.084465e-07
145.840988 0.000000e+00 6.316669e-07
151.566076 0.000000e+00 5.631915e-07
157.515906 0.000000e+00 5.021246e-07
163.699300 0.000000e+00 4.476666e-07
170.125428 0.000000e+00 3.991043e-07
176.803818 0.000000e+00 3.558007e-07
183.744372 0.000000e+00 3.171877e-07
190.957383 0.000000e+00 2.827584e-07
198.453546 0.000000e+00 2.520605e-07
206.243975 0.000000e+00 2.246903e-07
214.340223 0.000000e+00 2.002878e-07
222.754295 0.000000e+00 1.785319e-07
231.498667 0.000000e+00 1.591361e-07
240.586305 0.000000e+00 1.418447e-07
250.030685 0.000000e+00 1.264298e-07
259.845810 0.000000e+00 1.126882e-07
270.046235 0.000000e+00 1.004384e-07
280.647085 0.000000e+00 8.951879e-08
291.664078 0.000000e+00 7.978509e-08
303.113550 0.000000e+00 7.110869e-08
315.012480 0.000000e+00 6.337490e-08
327.378510 1.858406e-06 5.648145e-08
340.229977 0.000000e+00 5.033713e-08
353.585937 0.000000e+00 4.486064e-08
367.466194 0.000000e+00 3.997947e-08
381.891330 0.000000e+00 3.562898e-08
396.882735 0.000000e+00 3.175153e-08
412.462638 0.000000e+00 2.829575e-08
428.654141 0.000000e+00 2.521581e-08
445.481252 0.000000e+00 2.247089e-08
462.968923 0.000000e+00 2.002458e-08
481.143084 0.000000e+00 1.784441e-08
500.030684 0.000000e+00 1.590146e-08
519.659730 0.000000e+00 1.416994e-08
540.059328 0.000000e+00 1.262686e-08
561.259726 0.000000e+00 1.125172e-08
583.292359 0.000000e+00 1.002627e-08
606.189899 0.000000e+00 8.934215e-09
629.986298 0.000000e+00 7.961047e-09
654.716840 0.000000e+00 7.093833e-09
680.418197 0.000000e+00 6.321044e-09
707.128478 0.000000e+00 5.632404e-09
734.887289 0.000000e+00 5.018756e-09
763.735792 0.000000e+00 4.471938e-09
793.716762 0.000000e+00 3.984675e-09
824.874655 0.000000e+00 3.550484e-09
857.255673 0.000000e+00 3.163588e-09
890.907830 0.000000e+00 2.818838e-09
925.881025 0.000000e+00 2.511644e-09
962.227117 0.000000e+00 2.237917e-09
1000.000000 0.000000e+00 1.994012e-09
