mu  pmu  pmuanyl
0.010000 0.000000e+00 0.000000e+00
0.010393 0.000000e+00 0.000000e+00
0.010801 0.000000e+00 0.000000e+00
0.011225 0.000000e+00 0.000000e+00
0.011665 0.000000e+00 0.000000e+00
0.012123 0.000000e+00 0.000000e+00
0.012599 0.000000e+00 0.000000e+00
0.013094 0.000000e+00 0.000000e+00
0.013608 0.000000e+00 0.000000e+00
0.014142 0.000000e+00 0.000000e+00
0.014697 0.000000e+00 0.000000e+00
0.015274 0.000000e+00 0.000000e+00
0.015873 0.000000e+00 0.000000e+00
0.016496 0.000000e+00 0.000000e+00
0.017144 0.000000e+00 0.000000e+00
0.017817 0.000000e+00 0.000000e+00
0.018516 0.000000e+00 0.000000e+00
0.019243 0.000000e+00 0.000000e+00
0.019999 0.000000e+00 0.000000e+00
0.020784 0.000000e+00 0.000000e+00
0.021600 0.000000e+00 0.000000e+00
0.022448 0.000000e+00 0.000000e+00
0.023329 0.000000e+00 0.000000e+00
0.024245 0.000000e+00 0.000000e+00
0.025196 0.000000e+00 0.000000e+00
0.026185 0.000000e+00 0.000000e+00
0.027213 0.000000e+00 0.000000e+00
0.028282 0.000000e+00 0.000000e+00
0.029392 0.000000e+00 0.000000e+00
0.030546 0.000000e+00 0.000000e+00
0.031745 0.000000e+00 0.000000e+00
0.032991 0.000000e+00 0.000000e+00
0.034286 0.000000e+00 0.000000e+00
0.035632 0.000000e+00 0.000000e+00
0.037031 0.000000e+00 0.000000e+00
0.038484 0.000000e+00 0.000000e+00
0.039995 0.000000e+00 0.000000e+00
0.041565 0.000000e+00 0.000000e+00
0.043197 0.000000e+00 0.000000e+00
0.044893 0.000000e+00 0.000000e+00
0.046655 0.000000e+00 0.000000e+00
0.048486 0.000000e+00 0.000000e+00
0.050390 0.000000e+00 0.000000e+00
0.052368 0.000000e+00 0.000000e+00
0.054423 0.000000e+00 0.000000e+00
0.056560 0.000000e+00 0.000000e+00
0.058780 0.000000e+00 0.000000e+00
0.061088 0.000000e+00 0.000000e+00
0.063486 0.000000e+00 0.000000e+00
0.065978 0.000000e+00 0.000000e+00
0.068568 0.000000e+00 0.000000e+00
0.071260 0.000000e+00 0.000000e+00
0.074057 0.000000e+00 0.000000e+00
0.076964 0.000000e+00 0.000000e+00
0.079985 0.000000e+00 0.000000e+00
0.083125 0.000000e+00 0.000000e+00
0.086388 0.000000e+00 0.000000e+00
0.089780 0.000000e+00 0.000000e+00
0.093304 0.000000e+00 0.000000e+00
0.096967 0.000000e+00 0.000000e+00
0.100773 0.000000e+00 0.000000e+00
0.104729 0.000000e+00 0.000000e+00
0.108840 0.000000e+00 0.000000e+00
0.113113 0.000000e+00 0.000000e+00
0.117553 0.000000e+00 0.000000e+00
0.122168 0.000000e+00 0.000000e+00
0.126964 0.000000e+00 0.000000e+00
0.131948 0.000000e+00 0.000000e+00
0.137127 0.000000e+00 0.000000e+00
0.142510 0.000000e+00 0.000000e+00
0.148105 0.000000e+00 0.000000e+00
0.153919 0.000000e+00 0.000000e+00
0.159961 0.000000e+00 0.000000e+00
0.166240 0.000000e+00 0.000000e+00
0.172766 0.000000e+00 0.000000e+00
0.179548 0.000000e+00 0.000000e+00
0.186596 0.000000e+00 0.000000e+00
0.193921 0.000000e+00 0.000000e+00
0.201534 0.000000e+00 0.000000e+00
0.209445 0.000000e+00 0.000000e+00
0.217667 0.000000e+00 0.000000e+00
0.226212 0.000000e+00 0.000000e+00
0.235092 0.000000e+00 0.000000e+00
0.244320 0.000000e+00 0.000000e+00
0.253911 0.000000e+00 0.000000e+00
0.263879 0.000000e+00 0.000000e+00
0.274238 0.000000e+00 0.000000e+00
0.285003 0.000000e+00 0.000000e+00
0.296191 0.000000e+00 0.000000e+00
0.307818 0.000000e+00 0.000000e+00
0.319902 0.000000e+00 0.000000e+00
0.332460 0.000000e+00 0.000000e+00
0.345511 0.000000e+00 0.000000e+00
0.359074 0.000000e+00 0.000000e+00
0.373170 0.000000e+00 0.000000e+00
0.387819 0.000000e+00 0.000000e+00
0.403043 0.000000e+00 0.000000e+00
0.418865 0.000000e+00 0.000000e+00
0.435307 0.000000e+00 0.000000e+00
0.452396 0.000000e+00 0.000000e+00
0.470155 0.000000e+00 0.000000e+00
0.488611 0.000000e+00 0.000000e+00
0.507792 0.000000e+00 0.000000e+00
0.527725 0.000000e+00 0.000000e+00
0.548442 0.000000e+00 0.000000e+00
0.569971 0.000000e+00 0.000000e+00
0.592346 0.000000e+00 0.000000e+00
0.615599 0.000000e+00 0.000000e+00
0.639764 0.000000e+00 0.000000e+00
0.664879 0.000000e+00 0.000000e+00
0.690979 0.000000e+00 0.000000e+00
0.718104 0.000000e+00 0.000000e+00
0.746294 0.000000e+00 0.000000e+00
0.775590 0.000000e+00 0.000000e+00
0.806036 0.000000e+00 0.000000e+00
0.837678 0.000000e+00 0.000000e+00
0.870561 0.000000e+00 0.000000e+00
0.904736 0.000000e+00 0.000000e+00
0.940252 0.000000e+00 0.000000e+00
0.977162 0.000000e+00 0.000000e+00
1.015521 0.000000e+00 0.000000e+00
1.055386 0.000000e+00 0.000000e+00
1.096816 0.000000e+00 0.000000e+00
1.139872 0.000000e+00 0.000000e+00
1.184619 0.000000e+00 0.000000e+00
1.231122 0.000000e+00 0.000000e+00
1.279450 0.000000e+00 0.000000e+00
1.329676 0.000000e+00 0.000000e+00
1.381873 0.000000e+00 0.000000e+00
1.436120 0.000000e+00 0.000000e+00
1.492496 0.000000e+00 0.000000e+00
1.551084 0.000000e+00 0.000000e+00
1.611973 0.000000e+00 0.000000e+00
1.675252 0.000000e+00 0.000000e+00
1.741016 0.000000e+00 0.000000e+00
1.809360 0.000000e+00 0.000000e+00
1.880388 0.000000e+00 0.000000e+00
1.954204 0.000000e+00 0.000000e+00
2.030918 1.722776e+00 1.825400e+00
2.110643 1.475959e+00 1.459846e+00
2.193497 1.189661e+00 1.176429e+00
2.279605 9.662613e-01 9.545586e-01
2.369092 7.897201e-01 7.793491e-01
2.462092 6.495718e-01 6.398903e-01
2.558744 5.361106e-01 5.280877e-01
2.659189 4.423898e-01 4.378674e-01
2.763577 3.709339e-01 3.646252e-01
2.872063 3.098445e-01 3.048376e-01
2.984808 2.590273e-01 2.557847e-01
3.101979 2.189038e-01 2.153501e-01
3.223749 1.847677e-01 1.818749e-01
3.350299 1.571650e-01 1.540496e-01
3.481818 1.339501e-01 1.308339e-01
3.618499 1.121001e-01 1.113968e-01
3.760545 9.709499e-02 9.507040e-02
3.908168 8.321595e-02 8.131515e-02
4.061586 7.039353e-02 6.969323e-02
4.221026 6.180779e-02 5.984766e-02
4.386726 5.227661e-02 5.148610e-02
4.558929 4.507580e-02 4.436820e-02
4.737893 3.935014e-02 3.829563e-02
4.923883 3.411368e-02 3.310411e-02
5.117173 2.886747e-02 2.865713e-02
5.318051 2.508896e-02 2.484086e-02
5.526815 2.209358e-02 2.156015e-02
5.743774 1.918499e-02 1.873519e-02
5.969250 1.646461e-02 1.629887e-02
6.203576 1.449846e-02 1.419463e-02
6.447102 1.284214e-02 1.237466e-02
6.700188 1.111246e-02 1.079848e-02
6.963208 9.409586e-03 9.431703e-03
7.236553 8.807227e-03 8.245102e-03
7.520629 7.048927e-03 7.213756e-03
7.815857 6.630249e-03 6.316386e-03
8.122674 5.426501e-03 5.534787e-03
8.441535 5.150966e-03 4.853360e-03
8.772913 4.277440e-03 4.258715e-03
9.117299 3.789213e-03 3.739343e-03
9.475205 3.583220e-03 3.285332e-03
9.847161 2.903470e-03 2.888140e-03
10.233718 2.677390e-03 2.540389e-03
10.635450 2.240223e-03 2.235703e-03
11.052951 2.101714e-03 1.968563e-03
11.486843 1.711199e-03 1.734186e-03
11.937766 1.397083e-03 1.528425e-03
12.406392 1.488344e-03 1.347675e-03
12.893413 1.247335e-03 1.188805e-03
13.399553 1.066862e-03 1.049088e-03
13.925561 9.410163e-04 9.261509e-04
14.472219 8.643136e-04 8.179234e-04
15.040336 7.524597e-04 7.225993e-04
15.630754 6.097155e-04 6.386014e-04
16.244350 6.233526e-04 5.645511e-04
16.882033 4.939585e-04 4.992427e-04
17.544749 4.753003e-04 4.416207e-04
18.233480 3.593439e-04 3.907608e-04
18.949248 3.772041e-04 3.458528e-04
19.693113 3.327097e-04 3.061858e-04
20.466180 2.619346e-04 2.711364e-04
21.269594 2.240361e-04 2.401568e-04
22.104546 2.425203e-04 2.127659e-04
22.972275 1.555731e-04 1.885406e-04
23.874068 1.995955e-04 1.671090e-04
24.811261 1.680492e-04 1.481436e-04
25.785244 1.155011e-04 1.313562e-04
26.797461 1.333659e-04 1.164928e-04
27.849414 8.555219e-05 1.033298e-04
28.942661 1.234810e-04 9.166989e-05
30.078825 5.940836e-05 8.133911e-05
31.259590 1.143287e-04 7.218399e-05
32.486707 5.500507e-05 6.406905e-05
33.761994 3.528492e-05 5.687468e-05
35.087345 5.092815e-05 5.049525e-05
36.464722 4.900445e-05 4.483739e-05
37.896170 4.715341e-05 3.981861e-05
39.383810 4.537229e-05 3.536599e-05
40.929848 1.455282e-05 3.141500e-05
42.536577 2.800623e-05 2.790859e-05
44.206380 4.042253e-05 2.479627e-05
45.941731 1.296522e-05 2.203335e-05
47.745205 2.495097e-05 1.958027e-05
49.619476 1.200425e-05 1.740200e-05
51.567322 1.155081e-05 1.546750e-05
53.591633 2.222901e-05 1.374928e-05
55.695409 2.138936e-05 1.222299e-05
57.881770 1.029071e-05 1.086703e-05
60.153959 0.000000e+00 9.662256e-06
62.515344 0.000000e+00 8.591710e-06
64.969426 1.833615e-05 7.640339e-06
67.519845 0.000000e+00 6.794794e-06
70.170383 1.697709e-05 6.043235e-06
72.924969 8.167910e-06 5.375154e-06
75.787689 0.000000e+00 4.781230e-06
78.762786 0.000000e+00 4.253188e-06
81.854673 7.276855e-06 3.783682e-06
85.067934 7.001987e-06 3.366192e-06
88.407334 0.000000e+00 2.994928e-06
91.877824 0.000000e+00 2.664749e-06
95.484551 0.000000e+00 2.371088e-06
99.232862 1.200499e-05 2.109889e-06
103.128316 0.000000e+00 1.877550e-06
107.176689 0.000000e+00 1.670869e-06
111.383983 0.000000e+00 1.487003e-06
115.756437 5.145671e-06 1.323423e-06
120.300535 0.000000e+00 1.177885e-06
125.023015 0.000000e+00 1.048391e-06
129.930878 0.000000e+00 9.331666e-07
135.031404 0.000000e+00 8.306351e-07
140.332154 0.000000e+00 7.393940e-07
145.840988 0.000000e+00 6.581965e-07
151.566076 0.000000e+00 5.859339e-07
157.515906 0.000000e+00 5.216204e-07
163.699300 7.277301e-06 4.643794e-07
170.125428 0.000000e+00 4.134312e-07
176.803818 0.000000e+00 3.680824e-07
183.744372 0.000000e+00 3.277162e-07
190.957383 0.000000e+00 2.917840e-07
198.453546 0.000000e+00 2.597976e-07
206.243975 0.000000e+00 2.313230e-07
214.340223 0.000000e+00 2.059737e-07
222.754295 0.000000e+00 1.834061e-07
231.498667 0.000000e+00 1.633145e-07
240.586305 0.000000e+00 1.454267e-07
250.030685 0.000000e+00 1.295005e-07
259.845810 0.000000e+00 1.153205e-07
270.046235 0.000000e+00 1.026950e-07
280.647085 0.000000e+00 9.145324e-08
291.664078 0.000000e+00 8.144340e-08
303.113550 0.000000e+00 7.253028e-08
315.012480 0.000000e+00 6.459357e-08
327.378510 1.819437e-06 5.752615e-08
340.229977 0.000000e+00 5.123271e-08
353.585937 0.000000e+00 4.562838e-08
367.466194 0.000000e+00 4.063762e-08
381.891330 0.000000e+00 3.619318e-08
396.882735 0.000000e+00 3.223520e-08
412.462638 0.000000e+00 2.871037e-08
428.654141 0.000000e+00 2.557125e-08
445.481252 0.000000e+00 2.277559e-08
462.968923 0.000000e+00 2.028578e-08
481.143084 0.000000e+00 1.806833e-08
500.030684 0.000000e+00 1.609342e-08
519.659730 0.000000e+00 1.433450e-08
540.059328 0.000000e+00 1.276792e-08
561.259726 0.000000e+00 1.137265e-08
583.292359 0.000000e+00 1.012994e-08
606.189899 0.000000e+00 9.023084e-09
629.986298 0.000000e+00 8.037231e-09
654.716840 0.000000e+00 7.159142e-09
680.418197 0.000000e+00 6.377030e-09
707.128478 0.000000e+00 5.680399e-09
734.887289 0.000000e+00 5.059900e-09
763.735792 0.000000e+00 4.507208e-09
793.716762 0.000000e+00 4.014911e-09
824.874655 0.000000e+00 3.576404e-09
857.255673 0.000000e+00 3.185808e-09
890.907830 0.000000e+00 2.837886e-09
925.881025 0.000000e+00 2.527973e-09
962.227117 0.000000e+00 2.251915e-09
1000.000000 0.000000e+00 2.006012e-09
