mu  pmu  pmuanyl
0.010000 3.064832e+00 0.000000e+00
0.010393 0.000000e+00 0.000000e+00
0.010801 0.000000e+00 0.000000e+00
0.011225 0.000000e+00 0.000000e+00
0.011665 2.627345e-01 0.000000e+00
0.012123 2.528102e+00 0.000000e+00
0.012599 9.730434e-01 0.000000e+00
0.013094 0.000000e+00 0.000000e+00
0.013608 0.000000e+00 0.000000e+00
0.014142 8.668920e-01 0.000000e+00
0.014697 2.293904e+00 0.000000e+00
0.015274 0.000000e+00 0.000000e+00
0.015873 0.000000e+00 0.000000e+00
0.016496 9.289351e-01 0.000000e+00
0.017144 1.787693e+00 0.000000e+00
0.017817 0.000000e+00 0.000000e+00
0.018516 0.000000e+00 0.000000e+00
0.019243 2.548272e+00 0.000000e+00
0.019999 0.000000e+00 0.000000e+00
0.020784 0.000000e+00 0.000000e+00
0.021600 2.270275e+00 0.000000e+00
0.022448 0.000000e+00 0.000000e+00
0.023329 3.941259e-01 0.000000e+00
0.024245 1.643367e+00 0.000000e+00
0.025196 0.000000e+00 0.000000e+00
0.026185 1.872692e+00 0.000000e+00
0.027213 0.000000e+00 0.000000e+00
0.028282 9.753133e-01 0.000000e+00
0.029392 8.341982e-01 0.000000e+00
0.030546 6.020161e-01 0.000000e+00
0.031745 1.062006e+00 0.000000e+00
0.032991 6.502945e-01 0.000000e+00
0.034286 8.939014e-01 0.000000e+00
0.035632 1.462231e+00 0.000000e+00
0.037031 0.000000e+00 0.000000e+00
0.038484 1.433491e+00 0.000000e+00
0.039995 2.298906e-01 0.000000e+00
0.041565 1.106035e+00 0.000000e+00
0.043197 1.277108e+00 0.000000e+00
0.044893 2.730818e-01 0.000000e+00
0.046655 9.853752e-01 0.000000e+00
0.048486 1.200996e+00 0.000000e+00
0.050390 1.155631e+00 0.000000e+00
0.052368 2.341009e-01 0.000000e+00
0.054423 8.447184e-01 0.000000e+00
0.056560 1.083748e+00 0.000000e+00
0.058780 1.042812e+00 0.000000e+00
0.061088 1.003422e+00 0.000000e+00
0.063486 1.013796e+00 0.000000e+00
0.065978 9.755016e-01 0.000000e+00
0.068568 9.386541e-01 0.000000e+00
0.071260 9.462078e-01 0.000000e+00
0.074057 9.104668e-01 0.000000e+00
0.076964 8.760759e-01 0.000000e+00
0.079985 8.813014e-01 0.000000e+00
0.083125 8.480121e-01 0.000000e+00
0.086388 1.667438e+00 0.000000e+00
0.089780 8.192957e-01 0.000000e+00
0.093304 7.883485e-01 0.000000e+00
0.096967 1.580355e+00 0.000000e+00
0.100773 7.603301e-01 0.000000e+00
0.104729 7.608747e-01 0.000000e+00
0.108840 1.464268e+00 0.000000e+00
0.113113 7.315748e-01 0.000000e+00
0.117553 1.407882e+00 0.000000e+00
0.122168 1.229267e+00 0.000000e+00
0.126964 8.448815e-01 0.000000e+00
0.131948 1.347204e+00 0.000000e+00
0.137127 1.251616e+00 0.000000e+00
0.142510 1.096808e+00 0.000000e+00
0.148105 1.117460e+00 0.000000e+00
0.153919 1.075250e+00 0.000000e+00
0.159961 1.245394e+00 0.000000e+00
0.166240 1.345841e+00 0.000000e+00
0.172766 1.295005e+00 0.000000e+00
0.179548 1.280228e+00 0.000000e+00
0.186596 1.248295e+00 0.000000e+00
0.193921 1.216948e+00 0.000000e+00
0.201534 1.353471e+00 0.000000e+00
0.209445 1.302346e+00 0.000000e+00
0.217667 1.281314e+00 0.000000e+00
0.226212 1.368400e+00 0.000000e+00
0.235092 1.368858e+00 0.000000e+00
0.244320 1.304608e+00 0.000000e+00
0.253911 1.412246e+00 0.000000e+00
0.263879 1.393745e+00 0.000000e+00
0.274238 1.341099e+00 0.000000e+00
0.285003 1.365718e+00 0.000000e+00
0.296191 1.407258e+00 0.000000e+00
0.307818 1.413841e+00 0.000000e+00
0.319902 1.379598e+00 0.000000e+00
0.332460 1.438110e+00 0.000000e+00
0.345511 1.445882e+00 0.000000e+00
0.359074 1.382731e+00 0.000000e+00
0.373170 1.387992e+00 0.000000e+00
0.387819 1.430397e+00 0.000000e+00
0.403043 1.391575e+00 0.000000e+00
0.418865 1.390230e+00 0.000000e+00
0.435307 1.365880e+00 0.000000e+00
0.452396 1.361709e+00 0.000000e+00
0.470155 1.336348e+00 0.000000e+00
0.488611 1.342324e+00 0.000000e+00
0.507792 1.339905e+00 0.000000e+00
0.527725 1.283485e+00 0.000000e+00
0.548442 1.251769e+00 0.000000e+00
0.569971 1.269012e+00 0.000000e+00
0.592346 1.231426e+00 0.000000e+00
0.615599 1.214783e+00 0.000000e+00
0.639764 1.183269e+00 0.000000e+00
0.664879 9.910662e-01 0.000000e+00
0.690979 7.362917e-01 0.000000e+00
0.718104 6.145849e-01 0.000000e+00
0.746294 5.256624e-01 0.000000e+00
0.775590 4.307260e-01 0.000000e+00
0.806036 3.764327e-01 0.000000e+00
0.837678 3.219678e-01 0.000000e+00
0.870561 2.922035e-01 0.000000e+00
0.904736 2.439032e-01 0.000000e+00
0.940252 2.053540e-01 0.000000e+00
0.977162 1.881878e-01 0.000000e+00
1.015521 1.659894e-01 0.000000e+00
1.055386 1.422956e-01 0.000000e+00
1.096816 1.257435e-01 0.000000e+00
1.139872 1.048613e-01 0.000000e+00
1.184619 9.831316e-02 0.000000e+00
1.231122 8.464174e-02 0.000000e+00
1.279450 7.665372e-02 0.000000e+00
1.329676 5.992861e-02 0.000000e+00
1.381873 5.766493e-02 0.000000e+00
1.436120 5.121855e-02 0.000000e+00
1.492496 4.106990e-02 0.000000e+00
1.551084 3.339319e-01 0.000000e+00
1.611973 9.886718e-02 0.000000e+00
1.675252 0.000000e+00 0.000000e+00
1.741016 0.000000e+00 0.000000e+00
1.809360 0.000000e+00 0.000000e+00
1.880388 0.000000e+00 0.000000e+00
1.954204 0.000000e+00 0.000000e+00
2.030918 0.000000e+00 0.000000e+00
2.110643 0.000000e+00 0.000000e+00
2.193497 0.000000e+00 0.000000e+00
2.279605 0.000000e+00 0.000000e+00
2.369092 0.000000e+00 0.000000e+00
2.462092 0.000000e+00 0.000000e+00
2.558744 0.000000e+00 0.000000e+00
2.659189 0.000000e+00 0.000000e+00
2.763577 0.000000e+00 0.000000e+00
2.872063 0.000000e+00 0.000000e+00
2.984808 0.000000e+00 0.000000e+00
3.101979 0.000000e+00 0.000000e+00
3.223749 0.000000e+00 0.000000e+00
3.350299 0.000000e+00 0.000000e+00
3.481818 0.000000e+00 0.000000e+00
3.618499 0.000000e+00 0.000000e+00
3.760545 0.000000e+00 0.000000e+00
3.908168 0.000000e+00 0.000000e+00
4.061586 0.000000e+00 0.000000e+00
4.221026 0.000000e+00 0.000000e+00
4.386726 0.000000e+00 0.000000e+00
4.558929 0.000000e+00 0.000000e+00
4.737893 0.000000e+00 0.000000e+00
4.923883 0.000000e+00 0.000000e+00
5.117173 0.000000e+00 0.000000e+00
5.318051 0.000000e+00 0.000000e+00
5.526815 0.000000e+00 0.000000e+00
5.743774 0.000000e+00 0.000000e+00
5.969250 0.000000e+00 0.000000e+00
6.203576 0.000000e+00 0.000000e+00
6.447102 0.000000e+00 0.000000e+00
6.700188 0.000000e+00 0.000000e+00
6.963208 0.000000e+00 0.000000e+00
7.236553 0.000000e+00 0.000000e+00
7.520629 0.000000e+00 0.000000e+00
7.815857 0.000000e+00 0.000000e+00
8.122674 0.000000e+00 0.000000e+00
8.441535 0.000000e+00 0.000000e+00
8.772913 0.000000e+00 0.000000e+00
9.117299 0.000000e+00 0.000000e+00
9.475205 0.000000e+00 0.000000e+00
9.847161 0.000000e+00 0.000000e+00
10.233718 0.000000e+00 0.000000e+00
10.635450 0.000000e+00 0.000000e+00
11.052951 0.000000e+00 0.000000e+00
11.486843 0.000000e+00 0.000000e+00
11.937766 0.000000e+00 0.000000e+00
12.406392 0.000000e+00 0.000000e+00
12.893413 0.000000e+00 0.000000e+00
13.399553 0.000000e+00 0.000000e+00
13.925561 0.000000e+00 0.000000e+00
14.472219 0.000000e+00 0.000000e+00
15.040336 0.000000e+00 0.000000e+00
15.630754 0.000000e+00 0.000000e+00
16.244350 0.000000e+00 0.000000e+00
16.882033 0.000000e+00 0.000000e+00
17.544749 0.000000e+00 0.000000e+00
18.233480 0.000000e+00 0.000000e+00
18.949248 0.000000e+00 0.000000e+00
19.693113 0.000000e+00 0.000000e+00
20.466180 0.000000e+00 0.000000e+00
21.269594 0.000000e+00 0.000000e+00
22.104546 0.000000e+00 0.000000e+00
22.972275 0.000000e+00 0.000000e+00
23.874068 0.000000e+00 0.000000e+00
24.811261 0.000000e+00 0.000000e+00
25.785244 0.000000e+00 0.000000e+00
26.797461 0.000000e+00 0.000000e+00
27.849414 0.000000e+00 0.000000e+00
28.942661 0.000000e+00 0.000000e+00
30.078825 0.000000e+00 0.000000e+00
31.259590 0.000000e+00 0.000000e+00
32.486707 0.000000e+00 0.000000e+00
33.761994 0.000000e+00 0.000000e+00
35.087345 0.000000e+00 0.000000e+00
36.464722 0.000000e+00 0.000000e+00
37.896170 0.000000e+00 0.000000e+00
39.383810 0.000000e+00 0.000000e+00
40.929848 0.000000e+00 0.000000e+00
42.536577 0.000000e+00 0.000000e+00
44.206380 0.000000e+00 0.000000e+00
45.941731 0.000000e+00 0.000000e+00
47.745205 0.000000e+00 0.000000e+00
49.619476 0.000000e+00 0.000000e+00
51.567322 0.000000e+00 0.000000e+00
53.591633 0.000000e+00 0.000000e+00
55.695409 0.000000e+00 0.000000e+00
57.881770 0.000000e+00 0.000000e+00
60.153959 0.000000e+00 0.000000e+00
62.515344 0.000000e+00 0.000000e+00
64.969426 0.000000e+00 0.000000e+00
67.519845 0.000000e+00 0.000000e+00
70.170383 0.000000e+00 0.000000e+00
72.924969 0.000000e+00 0.000000e+00
75.787689 0.000000e+00 0.000000e+00
78.762786 0.000000e+00 0.000000e+00
81.854673 0.000000e+00 0.000000e+00
85.067934 0.000000e+00 0.000000e+00
88.407334 0.000000e+00 0.000000e+00
91.877824 0.000000e+00 0.000000e+00
95.484551 0.000000e+00 0.000000e+00
99.232862 0.000000e+00 0.000000e+00
103.128316 0.000000e+00 0.000000e+00
107.176689 0.000000e+00 0.000000e+00
111.383983 0.000000e+00 0.000000e+00
115.756437 0.000000e+00 0.000000e+00
120.300535 0.000000e+00 0.000000e+00
125.023015 0.000000e+00 0.000000e+00
129.930878 0.000000e+00 0.000000e+00
135.031404 0.000000e+00 0.000000e+00
140.332154 0.000000e+00 0.000000e+00
145.840988 0.000000e+00 0.000000e+00
151.566076 0.000000e+00 0.000000e+00
157.515906 0.000000e+00 0.000000e+00
163.699300 0.000000e+00 0.000000e+00
170.125428 0.000000e+00 0.000000e+00
176.803818 0.000000e+00 0.000000e+00
183.744372 0.000000e+00 0.000000e+00
190.957383 0.000000e+00 0.000000e+00
198.453546 0.000000e+00 0.000000e+00
206.243975 0.000000e+00 0.000000e+00
214.340223 0.000000e+00 0.000000e+00
222.754295 0.000000e+00 0.000000e+00
231.498667 0.000000e+00 0.000000e+00
240.586305 0.000000e+00 0.000000e+00
250.030685 0.000000e+00 0.000000e+00
259.845810 0.000000e+00 0.000000e+00
270.046235 0.000000e+00 0.000000e+00
280.647085 0.000000e+00 0.000000e+00
291.664078 0.000000e+00 0.000000e+00
303.113550 0.000000e+00 0.000000e+00
315.012480 0.000000e+00 0.000000e+00
327.378510 0.000000e+00 0.000000e+00
340.229977 0.000000e+00 0.000000e+00
353.585937 0.000000e+00 0.000000e+00
367.466194 0.000000e+00 0.000000e+00
381.891330 0.000000e+00 0.000000e+00
396.882735 0.000000e+00 0.000000e+00
412.462638 0.000000e+00 0.000000e+00
428.654141 0.000000e+00 0.000000e+00
445.481252 0.000000e+00 0.000000e+00
462.968923 0.000000e+00 0.000000e+00
481.143084 0.000000e+00 0.000000e+00
500.030684 0.000000e+00 0.000000e+00
519.659730 0.000000e+00 0.000000e+00
540.059328 0.000000e+00 0.000000e+00
561.259726 0.000000e+00 0.000000e+00
583.292359 0.000000e+00 0.000000e+00
606.189899 0.000000e+00 0.000000e+00
629.986298 0.000000e+00 0.000000e+00
654.716840 0.000000e+00 0.000000e+00
680.418197 0.000000e+00 0.000000e+00
707.128478 0.000000e+00 0.000000e+00
734.887289 0.000000e+00 0.000000e+00
763.735792 0.000000e+00 0.000000e+00
793.716762 0.000000e+00 0.000000e+00
824.874655 0.000000e+00 0.000000e+00
857.255673 0.000000e+00 0.000000e+00
890.907830 0.000000e+00 0.000000e+00
925.881025 0.000000e+00 0.000000e+00
962.227117 0.000000e+00 0.000000e+00
1000.000000 0.000000e+00 0.000000e+00
