mu  pmu  pmuanyl
0.010000 0.000000e+00 0.000000e+00
0.010393 0.000000e+00 0.000000e+00
0.010801 0.000000e+00 0.000000e+00
0.011225 0.000000e+00 0.000000e+00
0.011665 0.000000e+00 0.000000e+00
0.012123 0.000000e+00 0.000000e+00
0.012599 0.000000e+00 0.000000e+00
0.013094 0.000000e+00 0.000000e+00
0.013608 0.000000e+00 0.000000e+00
0.014142 0.000000e+00 0.000000e+00
0.014697 0.000000e+00 0.000000e+00
0.015274 0.000000e+00 0.000000e+00
0.015873 0.000000e+00 0.000000e+00
0.016496 0.000000e+00 0.000000e+00
0.017144 0.000000e+00 0.000000e+00
0.017817 0.000000e+00 0.000000e+00
0.018516 0.000000e+00 0.000000e+00
0.019243 0.000000e+00 0.000000e+00
0.019999 0.000000e+00 0.000000e+00
0.020784 0.000000e+00 0.000000e+00
0.021600 0.000000e+00 0.000000e+00
0.022448 0.000000e+00 0.000000e+00
0.023329 0.000000e+00 0.000000e+00
0.024245 0.000000e+00 0.000000e+00
0.025196 0.000000e+00 0.000000e+00
0.026185 0.000000e+00 0.000000e+00
0.027213 0.000000e+00 0.000000e+00
0.028282 0.000000e+00 0.000000e+00
0.029392 0.000000e+00 0.000000e+00
0.030546 0.000000e+00 0.000000e+00
0.031745 0.000000e+00 0.000000e+00
0.032991 0.000000e+00 0.000000e+00
0.034286 0.000000e+00 0.000000e+00
0.035632 0.000000e+00 0.000000e+00
0.037031 0.000000e+00 0.000000e+00
0.038484 0.000000e+00 0.000000e+00
0.039995 0.000000e+00 0.000000e+00
0.041565 0.000000e+00 0.000000e+00
0.043197 0.000000e+00 0.000000e+00
0.044893 0.000000e+00 0.000000e+00
0.046655 0.000000e+00 0.000000e+00
0.048486 0.000000e+00 0.000000e+00
0.050390 0.000000e+00 0.000000e+00
0.052368 0.000000e+00 0.000000e+00
0.054423 0.000000e+00 0.000000e+00
0.056560 0.000000e+00 0.000000e+00
0.058780 0.000000e+00 0.000000e+00
0.061088 0.000000e+00 0.000000e+00
0.063486 0.000000e+00 0.000000e+00
0.065978 0.000000e+00 0.000000e+00
0.068568 0.000000e+00 0.000000e+00
0.071260 0.000000e+00 0.000000e+00
0.074057 0.000000e+00 0.000000e+00
0.076964 0.000000e+00 0.000000e+00
0.079985 0.000000e+00 0.000000e+00
0.083125 0.000000e+00 0.000000e+00
0.086388 0.000000e+00 0.000000e+00
0.089780 0.000000e+00 0.000000e+00
0.093304 0.000000e+00 0.000000e+00
0.096967 0.000000e+00 0.000000e+00
0.100773 0.000000e+00 0.000000e+00
0.104729 0.000000e+00 0.000000e+00
0.108840 0.000000e+00 0.000000e+00
0.113113 0.000000e+00 0.000000e+00
0.117553 0.000000e+00 0.000000e+00
0.122168 0.000000e+00 0.000000e+00
0.126964 0.000000e+00 0.000000e+00
0.131948 0.000000e+00 0.000000e+00
0.137127 0.000000e+00 0.000000e+00
0.142510 0.000000e+00 0.000000e+00
0.148105 0.000000e+00 0.000000e+00
0.153919 0.000000e+00 0.000000e+00
0.159961 0.000000e+00 0.000000e+00
0.166240 0.000000e+00 0.000000e+00
0.172766 0.000000e+00 0.000000e+00
0.179548 0.000000e+00 0.000000e+00
0.186596 0.000000e+00 0.000000e+00
0.193921 0.000000e+00 0.000000e+00
0.201534 0.000000e+00 0.000000e+00
0.209445 0.000000e+00 0.000000e+00
0.217667 0.000000e+00 0.000000e+00
0.226212 0.000000e+00 0.000000e+00
0.235092 0.000000e+00 0.000000e+00
0.244320 0.000000e+00 0.000000e+00
0.253911 0.000000e+00 0.000000e+00
0.263879 0.000000e+00 0.000000e+00
0.274238 0.000000e+00 0.000000e+00
0.285003 0.000000e+00 0.000000e+00
0.296191 0.000000e+00 0.000000e+00
0.307818 0.000000e+00 0.000000e+00
0.319902 0.000000e+00 0.000000e+00
0.332460 0.000000e+00 0.000000e+00
0.345511 0.000000e+00 0.000000e+00
0.359074 0.000000e+00 0.000000e+00
0.373170 0.000000e+00 0.000000e+00
0.387819 0.000000e+00 0.000000e+00
0.403043 0.000000e+00 0.000000e+00
0.418865 0.000000e+00 0.000000e+00
0.435307 0.000000e+00 0.000000e+00
0.452396 0.000000e+00 0.000000e+00
0.470155 0.000000e+00 0.000000e+00
0.488611 0.000000e+00 0.000000e+00
0.507792 0.000000e+00 0.000000e+00
0.527725 0.000000e+00 0.000000e+00
0.548442 0.000000e+00 0.000000e+00
0.569971 0.000000e+00 0.000000e+00
0.592346 0.000000e+00 0.000000e+00
0.615599 0.000000e+00 0.000000e+00
0.639764 0.000000e+00 0.000000e+00
0.664879 0.000000e+00 0.000000e+00
0.690979 0.000000e+00 0.000000e+00
0.718104 0.000000e+00 0.000000e+00
0.746294 0.000000e+00 0.000000e+00
0.775590 0.000000e+00 0.000000e+00
0.806036 0.000000e+00 0.000000e+00
0.837678 0.000000e+00 0.000000e+00
0.870561 0.000000e+00 0.000000e+00
0.904736 0.000000e+00 0.000000e+00
0.940252 0.000000e+00 0.000000e+00
0.977162 0.000000e+00 0.000000e+00
1.015521 0.000000e+00 0.000000e+00
1.055386 0.000000e+00 0.000000e+00
1.096816 0.000000e+00 0.000000e+00
1.139872 0.000000e+00 0.000000e+00
1.184619 0.000000e+00 0.000000e+00
1.231122 0.000000e+00 0.000000e+00
1.279450 0.000000e+00 0.000000e+00
1.329676 4.725117e-01 0.000000e+00
1.381873 2.340874e+00 0.000000e+00
1.436120 2.138953e+00 0.000000e+00
1.492496 1.738960e+00 0.000000e+00
1.551084 1.601624e+00 0.000000e+00
1.611973 1.276382e+00 0.000000e+00
1.675252 8.955860e-01 0.000000e+00
1.741016 6.179118e-01 0.000000e+00
1.809360 4.242259e-01 0.000000e+00
1.880388 2.896026e-01 0.000000e+00
1.954204 2.028366e-01 0.000000e+00
2.030918 1.743806e-01 1.825400e+00
2.110643 2.425637e-01 1.459846e+00
2.193497 2.374547e-01 1.176429e+00
2.279605 2.203600e-01 9.545586e-01
2.369092 1.985886e-01 7.793491e-01
2.462092 1.745365e-01 6.398903e-01
2.558744 1.575196e-01 5.280877e-01
2.659189 1.409821e-01 4.378674e-01
2.763577 1.260053e-01 3.646252e-01
2.872063 1.101530e-01 3.048376e-01
2.984808 1.012759e-01 2.557847e-01
3.101979 8.753822e-02 2.153501e-01
3.223749 7.837106e-02 1.818749e-01
3.350299 7.032440e-02 1.540496e-01
3.481818 5.979472e-02 1.308339e-01
3.618499 5.548855e-02 1.113968e-01
3.760545 4.827006e-02 9.507040e-02
3.908168 4.284476e-02 8.131515e-02
4.061586 3.776046e-02 6.969323e-02
4.221026 3.422781e-02 5.984766e-02
4.386726 2.972588e-02 5.148610e-02
4.558929 2.697788e-02 4.436820e-02
4.737893 2.330041e-02 3.829563e-02
4.923883 2.211934e-02 3.310411e-02
5.117173 1.809849e-02 2.865713e-02
5.318051 1.630031e-02 2.484086e-02
5.526815 1.488026e-02 2.156015e-02
5.743774 1.354424e-02 1.873519e-02
5.969250 1.179143e-02 1.629887e-02
6.203576 9.793417e-03 1.419463e-02
6.447102 1.045778e-02 1.237466e-02
6.700188 7.187684e-03 1.079848e-02
6.963208 7.873809e-03 9.431703e-03
7.236553 6.347789e-03 8.245102e-03
7.520629 5.910982e-03 7.213756e-03
7.815857 5.687707e-03 6.316386e-03
8.122674 4.469507e-03 5.534787e-03
8.441535 3.949605e-03 4.853360e-03
8.772913 4.307139e-03 4.258715e-03
9.117299 3.006755e-03 3.739343e-03
9.475205 2.424017e-03 3.285332e-03
9.847161 3.084859e-03 2.888140e-03
10.233718 2.678742e-03 2.540389e-03
10.635450 1.880921e-03 2.235703e-03
11.052951 2.145034e-03 1.968563e-03
11.486843 1.354507e-03 1.734186e-03
11.937766 1.303343e-03 1.528425e-03
12.406392 1.433271e-03 1.347675e-03
12.893413 1.149277e-03 1.188805e-03
13.399553 1.216452e-03 1.049088e-03
13.925561 1.010889e-03 9.261509e-04
14.472219 6.655348e-04 8.179234e-04
15.040336 8.374405e-04 7.225993e-04
15.630754 5.214051e-04 6.386014e-04
16.244350 7.753702e-04 5.645511e-04
16.882033 4.388719e-04 4.992427e-04
17.544749 5.489828e-04 4.416207e-04
18.233480 6.501491e-04 3.907608e-04
18.949248 2.736961e-04 3.458528e-04
19.693113 3.386029e-04 3.061858e-04
20.466180 1.810072e-04 2.711364e-04
21.269594 2.090040e-04 2.401568e-04
22.104546 2.346275e-04 2.127659e-04
22.972275 1.935128e-04 1.885406e-04
23.874068 2.172372e-04 1.671090e-04
24.811261 1.493082e-04 1.481436e-04
25.785244 1.724021e-04 1.313562e-04
26.797461 1.658900e-04 1.164928e-04
27.849414 1.064159e-04 1.033298e-04
28.942661 1.791934e-04 9.166989e-05
30.078825 1.970569e-04 8.133911e-05
31.259590 7.110506e-05 7.218399e-05
32.486707 9.122563e-05 6.406905e-05
33.761994 0.000000e+00 5.687468e-05
35.087345 1.266961e-04 5.049525e-05
36.464722 0.000000e+00 4.483739e-05
37.896170 0.000000e+00 3.981861e-05
39.383810 7.524971e-05 3.536599e-05
40.929848 3.620365e-05 3.141500e-05
42.536577 3.483614e-05 2.790859e-05
44.206380 0.000000e+00 2.479627e-05
45.941731 3.225412e-05 2.203335e-05
47.745205 6.207158e-05 1.958027e-05
49.619476 1.493174e-05 1.740200e-05
51.567322 0.000000e+00 1.546750e-05
53.591633 2.765003e-05 1.374928e-05
55.695409 0.000000e+00 1.222299e-05
57.881770 1.280032e-05 1.086703e-05
60.153959 1.231681e-05 9.662256e-06
62.515344 0.000000e+00 8.591710e-06
64.969426 1.140390e-05 7.640339e-06
67.519845 1.097314e-05 6.794794e-06
70.170383 0.000000e+00 6.043235e-06
72.924969 1.015983e-05 5.375154e-06
75.787689 1.955212e-05 4.781230e-06
78.762786 0.000000e+00 4.253188e-06
81.854673 0.000000e+00 3.783682e-06
85.067934 0.000000e+00 3.366192e-06
88.407334 0.000000e+00 2.994928e-06
91.877824 0.000000e+00 2.664749e-06
95.484551 0.000000e+00 2.371088e-06
99.232862 0.000000e+00 2.109889e-06
103.128316 0.000000e+00 1.877550e-06
107.176689 6.912931e-06 1.670869e-06
111.383983 6.651809e-06 1.487003e-06
115.756437 0.000000e+00 1.323423e-06
120.300535 0.000000e+00 1.177885e-06
125.023015 5.926149e-06 1.048391e-06
129.930878 5.702301e-06 9.331666e-07
135.031404 0.000000e+00 8.306351e-07
140.332154 0.000000e+00 7.393940e-07
145.840988 0.000000e+00 6.581965e-07
151.566076 4.888330e-06 5.859339e-07
157.515906 4.703684e-06 5.216204e-07
163.699300 0.000000e+00 4.643794e-07
170.125428 0.000000e+00 4.134312e-07
176.803818 0.000000e+00 3.680824e-07
183.744372 0.000000e+00 3.277162e-07
190.957383 0.000000e+00 2.917840e-07
198.453546 9.333482e-07 2.597976e-07
206.243975 8.980929e-07 2.313230e-07
214.340223 0.000000e+00 2.059737e-07
222.754295 0.000000e+00 1.834061e-07
231.498667 0.000000e+00 1.633145e-07
240.586305 0.000000e+00 1.454267e-07
250.030685 0.000000e+00 1.295005e-07
259.845810 0.000000e+00 1.153205e-07
270.046235 0.000000e+00 1.026950e-07
280.647085 0.000000e+00 9.145324e-08
291.664078 0.000000e+00 8.144340e-08
303.113550 0.000000e+00 7.253028e-08
315.012480 0.000000e+00 6.459357e-08
327.378510 0.000000e+00 5.752615e-08
340.229977 0.000000e+00 5.123271e-08
353.585937 0.000000e+00 4.562838e-08
367.466194 0.000000e+00 4.063762e-08
381.891330 0.000000e+00 3.619318e-08
396.882735 0.000000e+00 3.223520e-08
412.462638 0.000000e+00 2.871037e-08
428.654141 0.000000e+00 2.557125e-08
445.481252 0.000000e+00 2.277559e-08
462.968923 0.000000e+00 2.028578e-08
481.143084 0.000000e+00 1.806833e-08
500.030684 0.000000e+00 1.609342e-08
519.659730 0.000000e+00 1.433450e-08
540.059328 0.000000e+00 1.276792e-08
561.259726 0.000000e+00 1.137265e-08
583.292359 0.000000e+00 1.012994e-08
606.189899 0.000000e+00 9.023084e-09
629.986298 0.000000e+00 8.037231e-09
654.716840 0.000000e+00 7.159142e-09
680.418197 0.000000e+00 6.377030e-09
707.128478 0.000000e+00 5.680399e-09
734.887289 0.000000e+00 5.059900e-09
763.735792 0.000000e+00 4.507208e-09
793.716762 0.000000e+00 4.014911e-09
824.874655 0.000000e+00 3.576404e-09
857.255673 0.000000e+00 3.185808e-09
890.907830 0.000000e+00 2.837886e-09
925.881025 0.000000e+00 2.527973e-09
962.227117 0.000000e+00 2.251915e-09
1000.000000 0.000000e+00 2.006012e-09
