300
mu  pmu  pmuanyl
0.010000 0.000000e+00 0.000000e+00
0.010393 0.000000e+00 0.000000e+00
0.010801 0.000000e+00 0.000000e+00
0.011225 0.000000e+00 0.000000e+00
0.011665 0.000000e+00 0.000000e+00
0.012123 0.000000e+00 0.000000e+00
0.012599 0.000000e+00 0.000000e+00
0.013094 0.000000e+00 0.000000e+00
0.013608 0.000000e+00 0.000000e+00
0.014142 0.000000e+00 0.000000e+00
0.014697 0.000000e+00 0.000000e+00
0.015274 0.000000e+00 0.000000e+00
0.015873 0.000000e+00 0.000000e+00
0.016496 0.000000e+00 0.000000e+00
0.017144 0.000000e+00 0.000000e+00
0.017817 0.000000e+00 0.000000e+00
0.018516 0.000000e+00 0.000000e+00
0.019243 0.000000e+00 0.000000e+00
0.019999 0.000000e+00 0.000000e+00
0.020784 0.000000e+00 0.000000e+00
0.021600 0.000000e+00 0.000000e+00
0.022448 0.000000e+00 0.000000e+00
0.023329 0.000000e+00 0.000000e+00
0.024245 0.000000e+00 0.000000e+00
0.025196 0.000000e+00 0.000000e+00
0.026185 0.000000e+00 0.000000e+00
0.027213 0.000000e+00 0.000000e+00
0.028282 0.000000e+00 0.000000e+00
0.029392 0.000000e+00 0.000000e+00
0.030546 0.000000e+00 0.000000e+00
0.031745 0.000000e+00 0.000000e+00
0.032991 0.000000e+00 0.000000e+00
0.034286 0.000000e+00 0.000000e+00
0.035632 0.000000e+00 0.000000e+00
0.037031 0.000000e+00 0.000000e+00
0.038484 0.000000e+00 0.000000e+00
0.039995 0.000000e+00 0.000000e+00
0.041565 0.000000e+00 0.000000e+00
0.043197 0.000000e+00 0.000000e+00
0.044893 0.000000e+00 0.000000e+00
0.046655 0.000000e+00 0.000000e+00
0.048486 0.000000e+00 0.000000e+00
0.050390 0.000000e+00 0.000000e+00
0.052368 0.000000e+00 0.000000e+00
0.054423 0.000000e+00 0.000000e+00
0.056560 0.000000e+00 0.000000e+00
0.058780 0.000000e+00 0.000000e+00
0.061088 0.000000e+00 0.000000e+00
0.063486 0.000000e+00 0.000000e+00
0.065978 0.000000e+00 0.000000e+00
0.068568 0.000000e+00 0.000000e+00
0.071260 0.000000e+00 0.000000e+00
0.074057 0.000000e+00 0.000000e+00
0.076964 0.000000e+00 0.000000e+00
0.079985 0.000000e+00 0.000000e+00
0.083125 0.000000e+00 0.000000e+00
0.086388 0.000000e+00 0.000000e+00
0.089780 0.000000e+00 0.000000e+00
0.093304 0.000000e+00 0.000000e+00
0.096967 0.000000e+00 0.000000e+00
0.100773 0.000000e+00 0.000000e+00
0.104729 0.000000e+00 0.000000e+00
0.108840 0.000000e+00 0.000000e+00
0.113113 0.000000e+00 0.000000e+00
0.117553 0.000000e+00 0.000000e+00
0.122168 0.000000e+00 0.000000e+00
0.126964 0.000000e+00 0.000000e+00
0.131948 0.000000e+00 0.000000e+00
0.137127 0.000000e+00 0.000000e+00
0.142510 0.000000e+00 0.000000e+00
0.148105 0.000000e+00 0.000000e+00
0.153919 0.000000e+00 0.000000e+00
0.159961 0.000000e+00 0.000000e+00
0.166240 0.000000e+00 0.000000e+00
0.172766 0.000000e+00 0.000000e+00
0.179548 0.000000e+00 0.000000e+00
0.186596 0.000000e+00 0.000000e+00
0.193921 0.000000e+00 0.000000e+00
0.201534 0.000000e+00 0.000000e+00
0.209445 0.000000e+00 0.000000e+00
0.217667 0.000000e+00 0.000000e+00
0.226212 0.000000e+00 0.000000e+00
0.235092 0.000000e+00 0.000000e+00
0.244320 0.000000e+00 0.000000e+00
0.253911 0.000000e+00 0.000000e+00
0.263879 0.000000e+00 0.000000e+00
0.274238 0.000000e+00 0.000000e+00
0.285003 0.000000e+00 0.000000e+00
0.296191 0.000000e+00 0.000000e+00
0.307818 0.000000e+00 0.000000e+00
0.319902 0.000000e+00 0.000000e+00
0.332460 0.000000e+00 0.000000e+00
0.345511 0.000000e+00 0.000000e+00
0.359074 0.000000e+00 0.000000e+00
0.373170 0.000000e+00 0.000000e+00
0.387819 0.000000e+00 0.000000e+00
0.403043 0.000000e+00 0.000000e+00
0.418865 0.000000e+00 0.000000e+00
0.435307 0.000000e+00 0.000000e+00
0.452396 0.000000e+00 0.000000e+00
0.470155 0.000000e+00 0.000000e+00
0.488611 0.000000e+00 0.000000e+00
0.507792 0.000000e+00 0.000000e+00
0.527725 0.000000e+00 0.000000e+00
0.548442 0.000000e+00 0.000000e+00
0.569971 0.000000e+00 0.000000e+00
0.592346 0.000000e+00 0.000000e+00
0.615599 0.000000e+00 0.000000e+00
0.639764 0.000000e+00 0.000000e+00
0.664879 0.000000e+00 0.000000e+00
0.690979 0.000000e+00 0.000000e+00
0.718104 0.000000e+00 0.000000e+00
0.746294 0.000000e+00 0.000000e+00
0.775590 0.000000e+00 0.000000e+00
0.806036 0.000000e+00 0.000000e+00
0.837678 0.000000e+00 0.000000e+00
0.870561 0.000000e+00 0.000000e+00
0.904736 0.000000e+00 0.000000e+00
0.940252 0.000000e+00 0.000000e+00
0.977162 0.000000e+00 0.000000e+00
1.015521 0.000000e+00 0.000000e+00
1.055386 0.000000e+00 0.000000e+00
1.096816 0.000000e+00 0.000000e+00
1.139872 0.000000e+00 0.000000e+00
1.184619 0.000000e+00 0.000000e+00
1.231122 0.000000e+00 0.000000e+00
1.279450 0.000000e+00 0.000000e+00
1.329676 5.293468e-02 0.000000e+00
1.381873 3.629802e-01 0.000000e+00
1.436120 5.386075e-01 0.000000e+00
1.492496 6.587497e-01 0.000000e+00
1.551084 7.442084e-01 0.000000e+00
1.611973 7.923954e-01 0.000000e+00
1.675252 8.310154e-01 0.000000e+00
1.741016 8.464370e-01 0.000000e+00
1.809360 8.480424e-01 0.000000e+00
1.880388 8.439846e-01 0.000000e+00
1.954204 8.291659e-01 0.000000e+00
2.030918 8.084255e-01 9.550213e-01
2.110643 6.167648e-01 8.508360e-01
2.193497 3.688485e-01 7.580164e-01
2.279605 2.629369e-01 6.753228e-01
2.369092 1.948358e-01 6.016503e-01
2.462092 1.483560e-01 5.360150e-01
2.558744 1.135068e-01 4.775400e-01
2.659189 9.110897e-02 4.254441e-01
2.763577 7.345841e-02 3.790315e-01
2.872063 6.036489e-02 3.376821e-01
2.984808 5.014152e-02 3.008436e-01
3.101979 4.155976e-02 2.680239e-01
3.223749 3.539338e-02 2.387846e-01
3.350299 3.029699e-02 2.127351e-01
3.481818 2.298160e-02 1.895274e-01
3.618499 2.047548e-02 1.688514e-01
3.760545 1.792888e-02 1.504310e-01
3.908168 1.478713e-02 1.340202e-01
4.061586 1.258682e-02 1.193996e-01
4.221026 1.070716e-02 1.063741e-01
4.386726 9.120441e-03 9.476950e-02
4.558929 7.191392e-03 8.443089e-02
4.737893 6.411522e-03 7.522014e-02
4.923883 5.755543e-03 6.701421e-02
5.117173 4.958988e-03 5.970349e-02
5.318051 1.281734e-02 5.319030e-02
5.526815 1.237341e-01 4.738766e-02
5.743774 1.029362e-01 4.221803e-02
5.969250 8.855983e-02 3.761238e-02
6.203576 7.542126e-02 3.350916e-02
6.447102 6.495889e-02 2.985357e-02
6.700188 5.573219e-02 2.659678e-02
6.963208 4.854629e-02 2.369528e-02
7.236553 4.200291e-02 2.111031e-02
7.520629 3.645105e-02 1.880734e-02
7.815857 3.194595e-02 1.675561e-02
8.122674 2.873255e-02 1.492770e-02
8.441535 2.378540e-02 1.329921e-02
8.772913 2.128233e-02 1.184837e-02
9.117299 1.909696e-02 1.055580e-02
9.475205 1.665534e-02 9.404249e-03
9.847161 1.437093e-02 8.378319e-03
10.233718 1.259733e-02 7.464310e-03
10.635450 1.100687e-02 6.650012e-03
11.052951 9.853752e-03 5.924548e-03
11.486843 8.707543e-03 5.278226e-03
11.937766 7.571803e-03 4.702413e-03
12.406392 6.927476e-03 4.189416e-03
12.893413 5.803848e-03 3.732384e-03
13.399553 5.308154e-03 3.325210e-03
13.925561 4.149965e-03 2.962456e-03
14.472219 4.505159e-03 2.639275e-03
15.040336 3.694590e-03 2.351351e-03
15.630754 3.270632e-03 2.094837e-03
16.244350 2.782211e-03 1.866306e-03
16.882033 2.501570e-03 1.662707e-03
17.544749 2.027013e-03 1.481319e-03
18.233480 2.478693e-03 1.319718e-03
18.949248 1.485779e-03 1.175748e-03
19.693113 1.580147e-03 1.047483e-03
20.466180 1.194647e-03 9.332105e-04
21.269594 1.323692e-03 8.314045e-04
22.104546 1.206656e-03 7.407048e-04
22.972275 1.032068e-03 6.598997e-04
23.874068 6.206777e-04 5.879098e-04
24.811261 7.166795e-04 5.237735e-04
25.785244 7.183421e-04 4.666339e-04
26.797461 6.082633e-04 4.157278e-04
27.849414 5.586834e-04 3.703751e-04
28.942661 4.863822e-04 3.299701e-04
30.078825 3.694817e-04 2.939730e-04
31.259590 4.266304e-04 2.619028e-04
32.486707 3.192897e-04 2.333313e-04
33.761994 3.291741e-04 2.078766e-04
35.087345 2.956243e-04 1.851989e-04
36.464722 2.844577e-04 1.649952e-04
37.896170 1.955092e-04 1.469955e-04
39.383810 1.693118e-04 1.309594e-04
40.929848 1.629164e-04 1.166728e-04
42.536577 1.045084e-04 1.039447e-04
44.206380 5.028041e-05 9.260515e-05
45.941731 8.063530e-05 8.250265e-05
47.745205 1.706968e-04 7.350226e-05
49.619476 5.972695e-05 6.548374e-05
51.567322 1.005741e-04 5.833998e-05
53.591633 4.147504e-05 5.197554e-05
55.695409 1.064224e-04 4.630542e-05
57.881770 5.120127e-05 4.125386e-05
60.153959 7.390088e-05 3.675339e-05
62.515344 7.110943e-05 3.274388e-05
64.969426 4.561561e-05 2.917178e-05
67.519845 1.097314e-05 2.598937e-05
70.170383 3.167597e-05 2.315413e-05
72.924969 3.047948e-05 2.062819e-05
75.787689 0.000000e+00 1.837782e-05
78.762786 9.406791e-06 1.637294e-05
81.854673 3.620588e-05 1.458678e-05
85.067934 1.741914e-05 1.299548e-05
88.407334 8.380583e-06 1.157777e-05
91.877824 8.064025e-06 1.031473e-05
95.484551 2.327827e-05 9.189474e-06
99.232862 1.493265e-05 8.186974e-06
103.128316 7.184303e-06 7.293840e-06
107.176689 6.912931e-06 6.498139e-06
111.383983 6.651809e-06 5.789243e-06
115.756437 0.000000e+00 5.157682e-06
120.300535 6.158784e-06 4.595019e-06
125.023015 5.926149e-06 4.093738e-06
129.930878 0.000000e+00 3.647144e-06
135.031404 1.097382e-05 3.249269e-06
140.332154 0.000000e+00 2.894799e-06
145.840988 5.080225e-06 2.578999e-06
151.566076 4.888330e-06 2.297650e-06
157.515906 4.703684e-06 2.046995e-06
163.699300 0.000000e+00 1.823684e-06
170.125428 0.000000e+00 1.624734e-06
176.803818 0.000000e+00 1.447488e-06
183.744372 0.000000e+00 1.289579e-06
190.957383 0.000000e+00 1.148896e-06
198.453546 0.000000e+00 1.023560e-06
206.243975 0.000000e+00 9.118978e-07
214.340223 0.000000e+00 8.124169e-07
222.754295 6.652218e-06 7.237886e-07
231.498667 0.000000e+00 6.448289e-07
240.586305 0.000000e+00 5.744831e-07
250.030685 2.963256e-06 5.118115e-07
259.845810 2.851326e-06 4.559769e-07
270.046235 0.000000e+00 4.062334e-07
280.647085 0.000000e+00 3.619165e-07
291.664078 0.000000e+00 3.224342e-07
303.113550 2.444315e-06 2.872592e-07
315.012480 2.351986e-06 2.559215e-07
327.378510 0.000000e+00 2.280024e-07
340.229977 0.000000e+00 2.031292e-07
353.585937 0.000000e+00 1.809694e-07
367.466194 0.000000e+00 1.612270e-07
381.891330 0.000000e+00 1.436384e-07
396.882735 0.000000e+00 1.279686e-07
412.462638 8.981481e-07 1.140082e-07
428.654141 0.000000e+00 1.015708e-07
445.481252 0.000000e+00 9.049023e-08
462.968923 0.000000e+00 8.061845e-08
481.143084 0.000000e+00 7.182361e-08
500.030684 0.000000e+00 6.398822e-08
519.659730 0.000000e+00 5.700761e-08
540.059328 0.000000e+00 5.078852e-08
561.259726 0.000000e+00 4.524789e-08
583.292359 0.000000e+00 4.031170e-08
606.189899 0.000000e+00 3.591401e-08
629.986298 0.000000e+00 3.199607e-08
654.716840 0.000000e+00 2.850555e-08
680.418197 0.000000e+00 2.539582e-08
707.128478 0.000000e+00 2.262533e-08
734.887289 0.000000e+00 2.015709e-08
763.735792 0.000000e+00 1.795811e-08
793.716762 0.000000e+00 1.599902e-08
824.874655 0.000000e+00 1.425365e-08
857.255673 0.000000e+00 1.269869e-08
890.907830 0.000000e+00 1.131336e-08
925.881025 0.000000e+00 1.007916e-08
962.227117 0.000000e+00 8.979605e-09
1000.000000 0.000000e+00 8.000000e-09
