mu  pmu  pmuanyl
0.010000 9.636552e-01 0.000000e+00
0.010393 1.159069e+00 0.000000e+00
0.010801 1.338345e+00 0.000000e+00
0.011225 3.434112e+00 0.000000e+00
0.011665 2.478297e+00 0.000000e+00
0.012123 9.936185e-01 0.000000e+00
0.012599 1.338521e+00 0.000000e+00
0.013094 3.311901e+00 0.000000e+00
0.013608 2.301578e+00 0.000000e+00
0.014142 1.022142e+00 0.000000e+00
0.014697 1.803144e+00 0.000000e+00
0.015274 3.470067e+00 0.000000e+00
0.015873 1.062407e+00 0.000000e+00
0.016496 1.606435e+00 0.000000e+00
0.017144 3.372556e+00 0.000000e+00
0.017817 1.081722e+00 0.000000e+00
0.018516 1.821509e+00 0.000000e+00
0.019243 2.879444e+00 0.000000e+00
0.019999 1.325107e+00 0.000000e+00
0.020784 3.245592e+00 0.000000e+00
0.021600 1.115356e+00 0.000000e+00
0.022448 2.039129e+00 0.000000e+00
0.023329 2.168643e+00 0.000000e+00
0.024245 1.788623e+00 0.000000e+00
0.025196 2.294749e+00 0.000000e+00
0.026185 1.932061e+00 0.000000e+00
0.027213 2.124664e+00 0.000000e+00
0.028282 2.385145e+00 0.000000e+00
0.029392 1.475390e+00 0.000000e+00
0.030546 3.075930e+00 0.000000e+00
0.031745 1.062472e+00 0.000000e+00
0.032991 2.336776e+00 0.000000e+00
0.034286 3.232232e+00 0.000000e+00
0.035632 5.408941e-01 0.000000e+00
0.037031 2.537257e+00 0.000000e+00
0.038484 2.942221e+00 0.000000e+00
0.039995 9.637735e-01 0.000000e+00
0.041565 1.796777e+00 0.000000e+00
0.043197 2.677019e+00 0.000000e+00
0.044893 2.575900e+00 0.000000e+00
0.046655 2.478601e+00 0.000000e+00
0.048486 2.434664e+00 0.000000e+00
0.050390 1.290875e+00 0.000000e+00
0.052368 2.024188e+00 0.000000e+00
0.054423 2.124795e+00 0.000000e+00
0.056560 2.214913e+00 0.000000e+00
0.058780 2.172235e+00 0.000000e+00
0.061088 2.129621e+00 0.000000e+00
0.063486 2.087127e+00 0.000000e+00
0.065978 2.044804e+00 0.000000e+00
0.068568 1.967566e+00 0.000000e+00
0.071260 2.535597e+00 0.000000e+00
0.074057 2.147041e+00 0.000000e+00
0.076964 1.940733e+00 0.000000e+00
0.079985 2.409582e+00 0.000000e+00
0.083125 1.999762e+00 0.000000e+00
0.086388 2.370423e+00 0.000000e+00
0.089780 2.012545e+00 0.000000e+00
0.093304 2.298011e+00 0.000000e+00
0.096967 2.211208e+00 0.000000e+00
0.100773 2.103778e+00 0.000000e+00
0.104729 2.231344e+00 0.000000e+00
0.108840 2.279868e+00 0.000000e+00
0.113113 2.172452e+00 0.000000e+00
0.117553 2.213356e+00 0.000000e+00
0.122168 2.169191e+00 0.000000e+00
0.126964 2.277005e+00 0.000000e+00
0.131948 2.136221e+00 0.000000e+00
0.137127 2.213648e+00 0.000000e+00
0.142510 2.163842e+00 0.000000e+00
0.148105 2.309838e+00 0.000000e+00
0.153919 2.144328e+00 0.000000e+00
0.159961 2.183817e+00 0.000000e+00
0.166240 2.231756e+00 0.000000e+00
0.172766 2.203234e+00 0.000000e+00
0.179548 2.133429e+00 0.000000e+00
0.186596 2.220686e+00 0.000000e+00
0.193921 2.161651e+00 0.000000e+00
0.201534 2.151723e+00 0.000000e+00
0.209445 2.139461e+00 0.000000e+00
0.217667 2.136124e+00 0.000000e+00
0.226212 2.140635e+00 0.000000e+00
0.235092 2.131511e+00 0.000000e+00
0.244320 2.070719e+00 0.000000e+00
0.253911 2.068407e+00 0.000000e+00
0.263879 2.081574e+00 0.000000e+00
0.274238 2.038086e+00 0.000000e+00
0.285003 2.020273e+00 0.000000e+00
0.296191 1.976497e+00 0.000000e+00
0.307818 1.995757e+00 0.000000e+00
0.319902 1.942964e+00 0.000000e+00
0.332460 1.942036e+00 0.000000e+00
0.345511 1.861707e+00 0.000000e+00
0.359074 1.865188e+00 0.000000e+00
0.373170 1.827014e+00 0.000000e+00
0.387819 1.577853e+00 0.000000e+00
0.403043 1.261226e+00 0.000000e+00
0.418865 1.058293e+00 0.000000e+00
0.435307 8.854941e-01 0.000000e+00
0.452396 7.934683e-01 0.000000e+00
0.470155 6.866346e-01 0.000000e+00
0.488611 6.064620e-01 0.000000e+00
0.507792 5.408551e-01 0.000000e+00
0.527725 4.656438e-01 0.000000e+00
0.548442 4.173062e-01 0.000000e+00
0.569971 3.719560e-01 0.000000e+00
0.592346 3.335034e-01 0.000000e+00
0.615599 3.013386e-01 0.000000e+00
0.639764 2.485339e-01 0.000000e+00
0.664879 2.427694e-01 0.000000e+00
0.690979 2.022203e-01 0.000000e+00
0.718104 1.811624e-01 0.000000e+00
0.746294 1.743194e-01 0.000000e+00
0.775590 1.459915e-01 0.000000e+00
0.806036 1.285215e-01 0.000000e+00
0.837678 1.179149e-01 0.000000e+00
0.870561 1.051589e-01 0.000000e+00
0.904736 8.787269e-02 0.000000e+00
0.940252 8.199125e-02 0.000000e+00
0.977162 7.396332e-02 0.000000e+00
1.015521 6.405256e-02 0.000000e+00
1.055386 5.478499e-02 0.000000e+00
1.096816 5.271560e-02 0.000000e+00
1.139872 4.438383e-02 0.000000e+00
1.184619 4.067365e-02 0.000000e+00
1.231122 3.326669e-02 0.000000e+00
1.279450 3.389306e-02 0.000000e+00
1.329676 2.717735e-02 0.000000e+00
1.381873 2.545343e-01 0.000000e+00
1.436120 4.026079e-02 0.000000e+00
1.492496 0.000000e+00 0.000000e+00
1.551084 0.000000e+00 0.000000e+00
1.611973 0.000000e+00 0.000000e+00
1.675252 0.000000e+00 0.000000e+00
1.741016 0.000000e+00 0.000000e+00
1.809360 0.000000e+00 0.000000e+00
1.880388 0.000000e+00 0.000000e+00
1.954204 0.000000e+00 0.000000e+00
2.030918 0.000000e+00 0.000000e+00
2.110643 0.000000e+00 0.000000e+00
2.193497 0.000000e+00 0.000000e+00
2.279605 0.000000e+00 0.000000e+00
2.369092 0.000000e+00 0.000000e+00
2.462092 0.000000e+00 0.000000e+00
2.558744 0.000000e+00 0.000000e+00
2.659189 0.000000e+00 0.000000e+00
2.763577 0.000000e+00 0.000000e+00
2.872063 0.000000e+00 0.000000e+00
2.984808 0.000000e+00 0.000000e+00
3.101979 0.000000e+00 0.000000e+00
3.223749 0.000000e+00 0.000000e+00
3.350299 0.000000e+00 0.000000e+00
3.481818 0.000000e+00 0.000000e+00
3.618499 0.000000e+00 0.000000e+00
3.760545 0.000000e+00 0.000000e+00
3.908168 0.000000e+00 0.000000e+00
4.061586 0.000000e+00 0.000000e+00
4.221026 0.000000e+00 0.000000e+00
4.386726 0.000000e+00 0.000000e+00
4.558929 0.000000e+00 0.000000e+00
4.737893 0.000000e+00 0.000000e+00
4.923883 0.000000e+00 0.000000e+00
5.117173 0.000000e+00 0.000000e+00
5.318051 0.000000e+00 0.000000e+00
5.526815 0.000000e+00 0.000000e+00
5.743774 0.000000e+00 0.000000e+00
5.969250 0.000000e+00 0.000000e+00
6.203576 0.000000e+00 0.000000e+00
6.447102 0.000000e+00 0.000000e+00
6.700188 0.000000e+00 0.000000e+00
6.963208 0.000000e+00 0.000000e+00
7.236553 0.000000e+00 0.000000e+00
7.520629 0.000000e+00 0.000000e+00
7.815857 0.000000e+00 0.000000e+00
8.122674 0.000000e+00 0.000000e+00
8.441535 0.000000e+00 0.000000e+00
8.772913 0.000000e+00 0.000000e+00
9.117299 0.000000e+00 0.000000e+00
9.475205 0.000000e+00 0.000000e+00
9.847161 0.000000e+00 0.000000e+00
10.233718 0.000000e+00 0.000000e+00
10.635450 0.000000e+00 0.000000e+00
11.052951 0.000000e+00 0.000000e+00
11.486843 0.000000e+00 0.000000e+00
11.937766 0.000000e+00 0.000000e+00
12.406392 0.000000e+00 0.000000e+00
12.893413 0.000000e+00 0.000000e+00
13.399553 0.000000e+00 0.000000e+00
13.925561 0.000000e+00 0.000000e+00
14.472219 0.000000e+00 0.000000e+00
15.040336 0.000000e+00 0.000000e+00
15.630754 0.000000e+00 0.000000e+00
16.244350 0.000000e+00 0.000000e+00
16.882033 0.000000e+00 0.000000e+00
17.544749 0.000000e+00 0.000000e+00
18.233480 0.000000e+00 0.000000e+00
18.949248 0.000000e+00 0.000000e+00
19.693113 0.000000e+00 0.000000e+00
20.466180 0.000000e+00 0.000000e+00
21.269594 0.000000e+00 0.000000e+00
22.104546 0.000000e+00 0.000000e+00
22.972275 0.000000e+00 0.000000e+00
23.874068 0.000000e+00 0.000000e+00
24.811261 0.000000e+00 0.000000e+00
25.785244 0.000000e+00 0.000000e+00
26.797461 0.000000e+00 0.000000e+00
27.849414 0.000000e+00 0.000000e+00
28.942661 0.000000e+00 0.000000e+00
30.078825 0.000000e+00 0.000000e+00
31.259590 0.000000e+00 0.000000e+00
32.486707 0.000000e+00 0.000000e+00
33.761994 0.000000e+00 0.000000e+00
35.087345 0.000000e+00 0.000000e+00
36.464722 0.000000e+00 0.000000e+00
37.896170 0.000000e+00 0.000000e+00
39.383810 0.000000e+00 0.000000e+00
40.929848 0.000000e+00 0.000000e+00
42.536577 0.000000e+00 0.000000e+00
44.206380 0.000000e+00 0.000000e+00
45.941731 0.000000e+00 0.000000e+00
47.745205 0.000000e+00 0.000000e+00
49.619476 0.000000e+00 0.000000e+00
51.567322 0.000000e+00 0.000000e+00
53.591633 0.000000e+00 0.000000e+00
55.695409 0.000000e+00 0.000000e+00
57.881770 0.000000e+00 0.000000e+00
60.153959 0.000000e+00 0.000000e+00
62.515344 0.000000e+00 0.000000e+00
64.969426 0.000000e+00 0.000000e+00
67.519845 0.000000e+00 0.000000e+00
70.170383 0.000000e+00 0.000000e+00
72.924969 0.000000e+00 0.000000e+00
75.787689 0.000000e+00 0.000000e+00
78.762786 0.000000e+00 0.000000e+00
81.854673 0.000000e+00 0.000000e+00
85.067934 0.000000e+00 0.000000e+00
88.407334 0.000000e+00 0.000000e+00
91.877824 0.000000e+00 0.000000e+00
95.484551 0.000000e+00 0.000000e+00
99.232862 0.000000e+00 0.000000e+00
103.128316 0.000000e+00 0.000000e+00
107.176689 0.000000e+00 0.000000e+00
111.383983 0.000000e+00 0.000000e+00
115.756437 0.000000e+00 0.000000e+00
120.300535 0.000000e+00 0.000000e+00
125.023015 0.000000e+00 0.000000e+00
129.930878 0.000000e+00 0.000000e+00
135.031404 0.000000e+00 0.000000e+00
140.332154 0.000000e+00 0.000000e+00
145.840988 0.000000e+00 0.000000e+00
151.566076 0.000000e+00 0.000000e+00
157.515906 0.000000e+00 0.000000e+00
163.699300 0.000000e+00 0.000000e+00
170.125428 0.000000e+00 0.000000e+00
176.803818 0.000000e+00 0.000000e+00
183.744372 0.000000e+00 0.000000e+00
190.957383 0.000000e+00 0.000000e+00
198.453546 0.000000e+00 0.000000e+00
206.243975 0.000000e+00 0.000000e+00
214.340223 0.000000e+00 0.000000e+00
222.754295 0.000000e+00 0.000000e+00
231.498667 0.000000e+00 0.000000e+00
240.586305 0.000000e+00 0.000000e+00
250.030685 0.000000e+00 0.000000e+00
259.845810 0.000000e+00 0.000000e+00
270.046235 0.000000e+00 0.000000e+00
280.647085 0.000000e+00 0.000000e+00
291.664078 0.000000e+00 0.000000e+00
303.113550 0.000000e+00 0.000000e+00
315.012480 0.000000e+00 0.000000e+00
327.378510 0.000000e+00 0.000000e+00
340.229977 0.000000e+00 0.000000e+00
353.585937 0.000000e+00 0.000000e+00
367.466194 0.000000e+00 0.000000e+00
381.891330 0.000000e+00 0.000000e+00
396.882735 0.000000e+00 0.000000e+00
412.462638 0.000000e+00 0.000000e+00
428.654141 0.000000e+00 0.000000e+00
445.481252 0.000000e+00 0.000000e+00
462.968923 0.000000e+00 0.000000e+00
481.143084 0.000000e+00 0.000000e+00
500.030684 0.000000e+00 0.000000e+00
519.659730 0.000000e+00 0.000000e+00
540.059328 0.000000e+00 0.000000e+00
561.259726 0.000000e+00 0.000000e+00
583.292359 0.000000e+00 0.000000e+00
606.189899 0.000000e+00 0.000000e+00
629.986298 0.000000e+00 0.000000e+00
654.716840 0.000000e+00 0.000000e+00
680.418197 0.000000e+00 0.000000e+00
707.128478 0.000000e+00 0.000000e+00
734.887289 0.000000e+00 0.000000e+00
763.735792 0.000000e+00 0.000000e+00
793.716762 0.000000e+00 0.000000e+00
824.874655 0.000000e+00 0.000000e+00
857.255673 0.000000e+00 0.000000e+00
890.907830 0.000000e+00 0.000000e+00
925.881025 0.000000e+00 0.000000e+00
962.227117 0.000000e+00 0.000000e+00
1000.000000 0.000000e+00 0.000000e+00
