mu  pmu  pmuanyl
0.010000 0.000000e+00 0.000000e+00
0.010393 0.000000e+00 0.000000e+00
0.010801 0.000000e+00 0.000000e+00
0.011225 0.000000e+00 0.000000e+00
0.011665 0.000000e+00 0.000000e+00
0.012123 0.000000e+00 0.000000e+00
0.012599 0.000000e+00 0.000000e+00
0.013094 0.000000e+00 0.000000e+00
0.013608 0.000000e+00 0.000000e+00
0.014142 0.000000e+00 0.000000e+00
0.014697 0.000000e+00 0.000000e+00
0.015274 0.000000e+00 0.000000e+00
0.015873 0.000000e+00 0.000000e+00
0.016496 0.000000e+00 0.000000e+00
0.017144 0.000000e+00 0.000000e+00
0.017817 0.000000e+00 0.000000e+00
0.018516 0.000000e+00 0.000000e+00
0.019243 0.000000e+00 0.000000e+00
0.019999 0.000000e+00 0.000000e+00
0.020784 0.000000e+00 0.000000e+00
0.021600 0.000000e+00 0.000000e+00
0.022448 0.000000e+00 0.000000e+00
0.023329 0.000000e+00 0.000000e+00
0.024245 0.000000e+00 0.000000e+00
0.025196 0.000000e+00 0.000000e+00
0.026185 0.000000e+00 0.000000e+00
0.027213 0.000000e+00 0.000000e+00
0.028282 0.000000e+00 0.000000e+00
0.029392 0.000000e+00 0.000000e+00
0.030546 0.000000e+00 0.000000e+00
0.031745 0.000000e+00 0.000000e+00
0.032991 0.000000e+00 0.000000e+00
0.034286 0.000000e+00 0.000000e+00
0.035632 0.000000e+00 0.000000e+00
0.037031 0.000000e+00 0.000000e+00
0.038484 0.000000e+00 0.000000e+00
0.039995 0.000000e+00 0.000000e+00
0.041565 0.000000e+00 0.000000e+00
0.043197 0.000000e+00 0.000000e+00
0.044893 0.000000e+00 0.000000e+00
0.046655 0.000000e+00 0.000000e+00
0.048486 0.000000e+00 0.000000e+00
0.050390 0.000000e+00 0.000000e+00
0.052368 0.000000e+00 0.000000e+00
0.054423 0.000000e+00 0.000000e+00
0.056560 0.000000e+00 0.000000e+00
0.058780 0.000000e+00 0.000000e+00
0.061088 0.000000e+00 0.000000e+00
0.063486 0.000000e+00 0.000000e+00
0.065978 0.000000e+00 0.000000e+00
0.068568 0.000000e+00 0.000000e+00
0.071260 0.000000e+00 0.000000e+00
0.074057 0.000000e+00 0.000000e+00
0.076964 0.000000e+00 0.000000e+00
0.079985 0.000000e+00 0.000000e+00
0.083125 0.000000e+00 0.000000e+00
0.086388 0.000000e+00 0.000000e+00
0.089780 0.000000e+00 0.000000e+00
0.093304 0.000000e+00 0.000000e+00
0.096967 0.000000e+00 0.000000e+00
0.100773 0.000000e+00 0.000000e+00
0.104729 0.000000e+00 0.000000e+00
0.108840 0.000000e+00 0.000000e+00
0.113113 0.000000e+00 0.000000e+00
0.117553 0.000000e+00 0.000000e+00
0.122168 0.000000e+00 0.000000e+00
0.126964 0.000000e+00 0.000000e+00
0.131948 0.000000e+00 0.000000e+00
0.137127 0.000000e+00 0.000000e+00
0.142510 0.000000e+00 0.000000e+00
0.148105 0.000000e+00 0.000000e+00
0.153919 0.000000e+00 0.000000e+00
0.159961 0.000000e+00 0.000000e+00
0.166240 0.000000e+00 0.000000e+00
0.172766 0.000000e+00 0.000000e+00
0.179548 0.000000e+00 0.000000e+00
0.186596 0.000000e+00 0.000000e+00
0.193921 0.000000e+00 0.000000e+00
0.201534 0.000000e+00 0.000000e+00
0.209445 0.000000e+00 0.000000e+00
0.217667 0.000000e+00 0.000000e+00
0.226212 0.000000e+00 0.000000e+00
0.235092 0.000000e+00 0.000000e+00
0.244320 0.000000e+00 0.000000e+00
0.253911 0.000000e+00 0.000000e+00
0.263879 0.000000e+00 0.000000e+00
0.274238 0.000000e+00 0.000000e+00
0.285003 0.000000e+00 0.000000e+00
0.296191 0.000000e+00 0.000000e+00
0.307818 0.000000e+00 0.000000e+00
0.319902 0.000000e+00 0.000000e+00
0.332460 0.000000e+00 0.000000e+00
0.345511 0.000000e+00 0.000000e+00
0.359074 0.000000e+00 0.000000e+00
0.373170 0.000000e+00 0.000000e+00
0.387819 1.399137e-01 0.000000e+00
0.403043 3.814482e-01 0.000000e+00
0.418865 5.095376e-01 0.000000e+00
0.435307 5.858561e-01 0.000000e+00
0.452396 6.396897e-01 0.000000e+00
0.470155 6.963147e-01 0.000000e+00
0.488611 7.255388e-01 0.000000e+00
0.507792 7.373141e-01 0.000000e+00
0.527725 7.643014e-01 0.000000e+00
0.548442 7.618147e-01 0.000000e+00
0.569971 7.806387e-01 0.000000e+00
0.592346 7.603121e-01 0.000000e+00
0.615599 7.756648e-01 0.000000e+00
0.639764 7.294028e-01 0.000000e+00
0.664879 7.535379e-01 0.000000e+00
0.690979 7.146042e-01 0.000000e+00
0.718104 7.027239e-01 0.000000e+00
0.746294 7.125337e-01 0.000000e+00
0.775590 6.716270e-01 0.000000e+00
0.806036 6.485017e-01 0.000000e+00
0.837678 6.304835e-01 0.000000e+00
0.870561 6.170565e-01 0.000000e+00
0.904736 5.657603e-01 0.000000e+00
0.940252 5.674736e-01 0.000000e+00
0.977162 5.497404e-01 0.000000e+00
1.015521 5.093835e-01 0.000000e+00
1.055386 4.952840e-01 0.000000e+00
1.096816 4.831719e-01 0.000000e+00
1.139872 4.474667e-01 0.000000e+00
1.184619 4.259841e-01 0.000000e+00
1.231122 4.054860e-01 0.000000e+00
1.279450 3.816877e-01 0.000000e+00
1.329676 3.686305e-01 0.000000e+00
1.381873 3.730306e-01 0.000000e+00
1.436120 1.085636e+00 0.000000e+00
1.492496 9.791881e-01 0.000000e+00
1.551084 7.742843e-01 0.000000e+00
1.611973 6.103920e-01 0.000000e+00
1.675252 4.966442e-01 0.000000e+00
1.741016 3.999686e-01 0.000000e+00
1.809360 3.328794e-01 0.000000e+00
1.880388 2.779829e-01 0.000000e+00
1.954204 2.304609e-01 0.000000e+00
2.030918 1.941476e-01 0.000000e+00
2.110643 1.653904e-01 0.000000e+00
2.193497 1.377042e-01 0.000000e+00
2.279605 1.182210e-01 0.000000e+00
2.369092 9.848624e-02 0.000000e+00
2.462092 8.521606e-02 0.000000e+00
2.558744 7.422160e-02 0.000000e+00
2.659189 6.053529e-02 0.000000e+00
2.763577 5.170390e-02 0.000000e+00
2.872063 4.408307e-02 0.000000e+00
2.984808 3.454031e-02 0.000000e+00
3.101979 2.857098e-02 0.000000e+00
3.223749 2.300332e-02 0.000000e+00
3.350299 2.051482e-02 0.000000e+00
3.481818 1.610362e-02 0.000000e+00
3.618499 1.499549e-02 0.000000e+00
3.760545 1.106228e-02 0.000000e+00
3.908168 9.256026e-03 0.000000e+00
4.061586 8.906399e-03 0.000000e+00
4.221026 5.570486e-03 0.000000e+00
4.386726 6.184699e-03 0.000000e+00
4.558929 4.364129e-03 0.000000e+00
4.737893 5.344543e-03 0.000000e+00
4.923883 3.305998e-03 0.000000e+00
5.117173 2.827663e-03 0.000000e+00
5.318051 2.380747e-03 0.000000e+00
5.526815 1.963560e-03 0.000000e+00
5.743774 1.889390e-03 0.000000e+00
5.969250 1.818023e-03 0.000000e+00
6.203576 1.166234e-03 0.000000e+00
6.447102 1.683273e-03 0.000000e+00
6.700188 5.398969e-04 0.000000e+00
6.963208 5.195034e-04 0.000000e+00
7.236553 7.498204e-04 0.000000e+00
7.520629 4.809984e-04 0.000000e+00
7.815857 4.628297e-04 0.000000e+00
8.122674 4.453473e-04 0.000000e+00
8.441535 4.285252e-04 0.000000e+00
8.772913 4.123386e-04 0.000000e+00
9.117299 3.967634e-04 0.000000e+00
9.475205 1.908882e-04 0.000000e+00
9.847161 5.510335e-04 0.000000e+00
10.233718 1.767398e-04 0.000000e+00
10.635450 1.700638e-04 0.000000e+00
11.052951 1.636400e-04 0.000000e+00
11.486843 3.149177e-04 0.000000e+00
11.937766 1.515112e-04 0.000000e+00
12.406392 1.457882e-04 0.000000e+00
12.893413 0.000000e+00 0.000000e+00
13.399553 0.000000e+00 0.000000e+00
13.925561 0.000000e+00 0.000000e+00
14.472219 0.000000e+00 0.000000e+00
15.040336 0.000000e+00 0.000000e+00
15.630754 0.000000e+00 0.000000e+00
16.244350 0.000000e+00 0.000000e+00
16.882033 0.000000e+00 0.000000e+00
17.544749 0.000000e+00 0.000000e+00
18.233480 0.000000e+00 0.000000e+00
18.949248 0.000000e+00 0.000000e+00
19.693113 0.000000e+00 0.000000e+00
20.466180 0.000000e+00 0.000000e+00
21.269594 0.000000e+00 0.000000e+00
22.104546 0.000000e+00 0.000000e+00
22.972275 0.000000e+00 0.000000e+00
23.874068 0.000000e+00 0.000000e+00
24.811261 0.000000e+00 0.000000e+00
25.785244 0.000000e+00 0.000000e+00
26.797461 0.000000e+00 0.000000e+00
27.849414 0.000000e+00 0.000000e+00
28.942661 0.000000e+00 0.000000e+00
30.078825 0.000000e+00 0.000000e+00
31.259590 0.000000e+00 0.000000e+00
32.486707 0.000000e+00 0.000000e+00
33.761994 0.000000e+00 0.000000e+00
35.087345 0.000000e+00 0.000000e+00
36.464722 0.000000e+00 0.000000e+00
37.896170 0.000000e+00 0.000000e+00
39.383810 0.000000e+00 0.000000e+00
40.929848 0.000000e+00 0.000000e+00
42.536577 0.000000e+00 0.000000e+00
44.206380 0.000000e+00 0.000000e+00
45.941731 0.000000e+00 0.000000e+00
47.745205 0.000000e+00 0.000000e+00
49.619476 0.000000e+00 0.000000e+00
51.567322 0.000000e+00 0.000000e+00
53.591633 0.000000e+00 0.000000e+00
55.695409 0.000000e+00 0.000000e+00
57.881770 0.000000e+00 0.000000e+00
60.153959 0.000000e+00 0.000000e+00
62.515344 0.000000e+00 0.000000e+00
64.969426 0.000000e+00 0.000000e+00
67.519845 0.000000e+00 0.000000e+00
70.170383 0.000000e+00 0.000000e+00
72.924969 0.000000e+00 0.000000e+00
75.787689 0.000000e+00 0.000000e+00
78.762786 0.000000e+00 0.000000e+00
81.854673 0.000000e+00 0.000000e+00
85.067934 0.000000e+00 0.000000e+00
88.407334 0.000000e+00 0.000000e+00
91.877824 0.000000e+00 0.000000e+00
95.484551 0.000000e+00 0.000000e+00
99.232862 0.000000e+00 0.000000e+00
103.128316 0.000000e+00 0.000000e+00
107.176689 0.000000e+00 0.000000e+00
111.383983 0.000000e+00 0.000000e+00
115.756437 0.000000e+00 0.000000e+00
120.300535 0.000000e+00 0.000000e+00
125.023015 0.000000e+00 0.000000e+00
129.930878 0.000000e+00 0.000000e+00
135.031404 0.000000e+00 0.000000e+00
140.332154 0.000000e+00 0.000000e+00
145.840988 0.000000e+00 0.000000e+00
151.566076 0.000000e+00 0.000000e+00
157.515906 0.000000e+00 0.000000e+00
163.699300 0.000000e+00 0.000000e+00
170.125428 0.000000e+00 0.000000e+00
176.803818 0.000000e+00 0.000000e+00
183.744372 0.000000e+00 0.000000e+00
190.957383 0.000000e+00 0.000000e+00
198.453546 0.000000e+00 0.000000e+00
206.243975 0.000000e+00 0.000000e+00
214.340223 0.000000e+00 0.000000e+00
222.754295 0.000000e+00 0.000000e+00
231.498667 0.000000e+00 0.000000e+00
240.586305 0.000000e+00 0.000000e+00
250.030685 0.000000e+00 0.000000e+00
259.845810 0.000000e+00 0.000000e+00
270.046235 0.000000e+00 0.000000e+00
280.647085 0.000000e+00 0.000000e+00
291.664078 0.000000e+00 0.000000e+00
303.113550 0.000000e+00 0.000000e+00
315.012480 0.000000e+00 0.000000e+00
327.378510 0.000000e+00 0.000000e+00
340.229977 0.000000e+00 0.000000e+00
353.585937 0.000000e+00 0.000000e+00
367.466194 0.000000e+00 0.000000e+00
381.891330 0.000000e+00 0.000000e+00
396.882735 0.000000e+00 0.000000e+00
412.462638 0.000000e+00 0.000000e+00
428.654141 0.000000e+00 0.000000e+00
445.481252 0.000000e+00 0.000000e+00
462.968923 0.000000e+00 0.000000e+00
481.143084 0.000000e+00 0.000000e+00
500.030684 0.000000e+00 0.000000e+00
519.659730 0.000000e+00 0.000000e+00
540.059328 0.000000e+00 0.000000e+00
561.259726 0.000000e+00 0.000000e+00
583.292359 0.000000e+00 0.000000e+00
606.189899 0.000000e+00 0.000000e+00
629.986298 0.000000e+00 0.000000e+00
654.716840 0.000000e+00 0.000000e+00
680.418197 0.000000e+00 0.000000e+00
707.128478 0.000000e+00 0.000000e+00
734.887289 0.000000e+00 0.000000e+00
763.735792 0.000000e+00 0.000000e+00
793.716762 0.000000e+00 0.000000e+00
824.874655 0.000000e+00 0.000000e+00
857.255673 0.000000e+00 0.000000e+00
890.907830 0.000000e+00 0.000000e+00
925.881025 0.000000e+00 0.000000e+00
962.227117 0.000000e+00 0.000000e+00
1000.000000 0.000000e+00 0.000000e+00
