mu  pmu  pmuanyl
0.010000 2.196676e+00 1.941180e+00
0.010393 2.270272e+00 1.938919e+00
0.010801 2.259846e+00 1.936572e+00
0.011225 2.174485e+00 1.934137e+00
0.011665 2.162093e+00 1.931611e+00
0.012123 1.811983e+00 1.928990e+00
0.012599 2.324719e+00 1.926272e+00
0.013094 1.677680e+00 1.923452e+00
0.013608 2.032834e+00 1.920527e+00
0.014142 2.128641e+00 1.917494e+00
0.014697 2.048236e+00 1.914349e+00
0.015274 1.917601e+00 1.911087e+00
0.015873 1.896423e+00 1.907705e+00
0.016496 2.219338e+00 1.904199e+00
0.017144 1.945685e+00 1.900564e+00
0.017817 1.780864e+00 1.896797e+00
0.018516 2.196918e+00 1.892892e+00
0.019243 1.817983e+00 1.888845e+00
0.019999 1.749313e+00 1.884651e+00
0.020784 2.466137e+00 1.880306e+00
0.021600 1.770321e+00 1.875805e+00
0.022448 2.065887e+00 1.871142e+00
0.023329 1.918103e+00 1.866313e+00
0.024245 1.610750e+00 1.861311e+00
0.025196 2.131123e+00 1.856132e+00
0.026185 1.833134e+00 1.850770e+00
0.027213 2.032959e+00 1.845219e+00
0.028282 1.668496e+00 1.839474e+00
0.029392 1.965320e+00 1.833529e+00
0.030546 1.917719e+00 1.827377e+00
0.031745 2.050313e+00 1.821013e+00
0.032991 1.701597e+00 1.814431e+00
0.034286 1.827158e+00 1.807624e+00
0.035632 1.735308e+00 1.800585e+00
0.037031 1.933406e+00 1.793309e+00
0.038484 1.712391e+00 1.785789e+00
0.039995 1.729078e+00 1.778018e+00
0.041565 2.055240e+00 1.769990e+00
0.043197 1.487914e+00 1.761697e+00
0.044893 1.721678e+00 1.753134e+00
0.046655 1.883344e+00 1.744294e+00
0.048486 1.728307e+00 1.735169e+00
0.050390 1.533857e+00 1.725753e+00
0.052368 1.802174e+00 1.716040e+00
0.054423 1.584609e+00 1.706023e+00
0.056560 1.639830e+00 1.695695e+00
0.058780 1.743982e+00 1.685049e+00
0.061088 1.651471e+00 1.674080e+00
0.063486 1.691612e+00 1.662781e+00
0.065978 1.553728e+00 1.651146e+00
0.068568 1.625558e+00 1.639169e+00
0.071260 1.529904e+00 1.626844e+00
0.074057 1.483101e+00 1.614166e+00
0.076964 1.490506e+00 1.601129e+00
0.079985 1.546094e+00 1.587729e+00
0.083125 1.448544e+00 1.573961e+00
0.086388 1.422081e+00 1.559821e+00
0.089780 1.368365e+00 1.545305e+00
0.093304 1.456194e+00 1.530408e+00
0.096967 1.342457e+00 1.515130e+00
0.100773 1.324042e+00 1.499466e+00
0.104729 1.367251e+00 1.483415e+00
0.108840 1.248330e+00 1.466976e+00
0.113113 1.301875e+00 1.450149e+00
0.117553 1.398040e+00 1.432932e+00
0.122168 1.132126e+00 1.415327e+00
0.126964 1.191890e+00 1.397335e+00
0.131948 1.171533e+00 1.378958e+00
0.137127 1.162879e+00 1.360200e+00
0.142510 1.136081e+00 1.341064e+00
0.148105 1.098661e+00 1.321556e+00
0.153919 1.083591e+00 1.301681e+00
0.159961 1.037574e+00 1.281445e+00
0.166240 1.027746e+00 1.260858e+00
0.172766 9.936343e-01 1.239926e+00
0.179548 9.606332e-01 1.218662e+00
0.186596 9.287074e-01 1.197074e+00
0.193921 9.397772e-01 1.175176e+00
0.201534 8.558356e-01 1.152981e+00
0.209445 8.196238e-01 1.130502e+00
0.217667 8.447304e-01 1.107757e+00
0.226212 7.876466e-01 1.084760e+00
0.235092 7.544342e-01 1.061530e+00
0.244320 7.325970e-01 1.038086e+00
0.253911 7.145373e-01 1.014447e+00
0.263879 6.721313e-01 9.906348e-01
0.274238 6.704767e-01 9.666710e-01
0.285003 6.337322e-01 9.425785e-01
0.296191 6.015539e-01 9.183811e-01
0.307818 5.788315e-01 8.941036e-01
0.319902 5.467944e-01 8.697714e-01
0.332460 5.090102e-01 8.454105e-01
0.345511 5.368780e-01 8.210479e-01
0.359074 4.554224e-01 7.967108e-01
0.373170 4.556614e-01 7.724269e-01
0.387819 4.615261e-01 7.482242e-01
0.403043 3.916092e-01 7.241312e-01
0.418865 3.845864e-01 7.001760e-01
0.435307 3.868804e-01 6.763870e-01
0.452396 3.362990e-01 6.527926e-01
0.470155 3.391701e-01 6.294205e-01
0.488611 3.230285e-01 6.062983e-01
0.507792 2.883960e-01 5.834531e-01
0.527725 2.697940e-01 5.609111e-01
0.548442 2.625700e-01 5.386981e-01
0.569971 2.483698e-01 5.168387e-01
0.592346 2.225062e-01 4.953565e-01
0.615599 2.193879e-01 4.742743e-01
0.639764 2.060143e-01 4.536132e-01
0.664879 1.908906e-01 4.333932e-01
0.690979 1.695508e-01 4.136331e-01
0.718104 1.654123e-01 3.943499e-01
0.746294 1.515331e-01 3.755591e-01
0.775590 1.458092e-01 3.572745e-01
0.806036 1.362641e-01 3.395085e-01
0.837678 1.194622e-01 3.222716e-01
0.870561 1.102770e-01 3.055725e-01
0.904736 1.088093e-01 2.894182e-01
0.940252 9.604641e-02 2.738141e-01
0.977162 9.241846e-02 2.587636e-01
1.015521 8.171721e-02 2.442688e-01
1.055386 7.477608e-02 2.303296e-01
1.096816 7.491865e-02 2.169447e-01
1.139872 6.423750e-02 2.041110e-01
1.184619 5.975070e-02 1.918240e-01
1.231122 5.551120e-02 1.800778e-01
1.279450 4.959907e-02 1.688650e-01
1.329676 4.393200e-01 1.581770e-01
1.381873 3.120398e-01 1.480042e-01
1.436120 1.546587e-01 1.383357e-01
1.492496 5.691016e-01 1.291596e-01
1.551084 7.978038e-01 1.204635e-01
1.611973 8.776958e-01 1.122338e-01
1.675252 8.639687e-01 1.044565e-01
1.741016 7.163773e-01 9.711704e-02
1.809360 3.974930e-01 9.020023e-02
1.880388 2.669562e-01 8.369066e-02
1.954204 1.965054e-01 7.757264e-02
2.030918 1.534295e-01 7.183029e-02
2.110643 1.160257e-01 6.644765e-02
2.193497 1.005158e-01 6.140876e-02
2.279605 8.280008e-02 5.669771e-02
2.369092 7.005684e-02 5.229876e-02
2.462092 6.311482e-02 4.819634e-02
2.558744 5.564339e-02 4.437516e-02
2.659189 4.987016e-02 4.082024e-02
2.763577 4.474807e-02 3.751695e-02
2.872063 4.079161e-02 3.445107e-02
2.984808 3.734277e-02 3.160879e-02
3.101979 3.698134e-02 2.897676e-02
3.223749 3.255598e-02 2.654213e-02
3.350299 3.035489e-02 2.429252e-02
3.481818 2.827364e-02 2.221608e-02
3.618499 2.608146e-02 2.030147e-02
3.760545 2.314916e-02 1.853787e-02
3.908168 1.936030e-02 1.691499e-02
4.061586 2.063212e-02 1.542305e-02
4.221026 1.811808e-02 1.405278e-02
4.386726 1.687731e-02 1.279545e-02
4.558929 1.338446e-02 1.164277e-02
4.737893 1.287889e-02 1.058699e-02
4.923883 1.354904e-02 9.620788e-03
5.117173 9.857435e-03 8.737309e-03
5.318051 9.791062e-03 7.930135e-03
5.526815 9.126812e-03 7.193266e-03
5.743774 8.498773e-03 6.521102e-03
5.969250 6.405904e-03 5.908428e-03
6.203576 7.344263e-03 5.350391e-03
6.447102 6.435880e-03 4.842483e-03
6.700188 5.221362e-03 4.380524e-03
6.963208 3.855733e-03 3.960644e-03
7.236553 4.497079e-03 3.579262e-03
7.520629 3.678130e-03 3.233069e-03
7.815857 4.163760e-03 2.919016e-03
8.122674 3.705997e-03 2.634290e-03
8.441535 2.505845e-03 2.376305e-03
8.772913 2.503931e-03 2.142683e-03
9.117299 2.498585e-03 1.931240e-03
9.475205 2.232477e-03 1.739972e-03
9.847161 1.569802e-03 1.567046e-03
10.233718 1.192505e-03 1.410780e-03
10.635450 1.376953e-03 1.269640e-03
11.052951 1.766588e-03 1.142220e-03
11.486843 1.416549e-03 1.027240e-03
11.937766 1.022282e-03 9.235323e-04
12.406392 1.114823e-03 8.300310e-04
12.893413 9.465110e-04 7.457670e-04
13.399553 6.678896e-04 6.698584e-04
13.925561 5.696318e-04 6.015033e-04
14.472219 6.886575e-04 5.399732e-04
15.040336 4.868412e-04 4.846070e-04
15.630754 6.766526e-04 4.348046e-04
16.244350 6.510935e-04 3.900224e-04
16.882033 2.409615e-04 3.497674e-04
17.544749 1.854877e-04 3.135936e-04
18.233480 5.354439e-04 2.810971e-04
18.949248 1.717396e-04 2.519129e-04
19.693113 2.478787e-04 2.257109e-04
20.466180 3.577734e-04 2.021928e-04
21.269594 2.295062e-04 1.810894e-04
22.104546 2.208371e-04 1.621577e-04
22.972275 2.124954e-04 1.451785e-04
23.874068 1.363126e-04 1.299540e-04
24.811261 2.295364e-04 1.163061e-04
25.785244 1.262092e-04 1.040742e-04
26.797461 9.108145e-05 9.311392e-05
27.849414 8.764104e-05 8.329502e-05
28.942661 5.622039e-05 7.450043e-05
30.078825 1.081936e-04 6.662485e-05
31.259590 1.041068e-04 5.957355e-05
32.486707 2.504359e-05 5.326141e-05
33.761994 4.819525e-05 4.761195e-05
35.087345 2.318739e-05 4.255643e-05
36.464722 6.693460e-05 3.803316e-05
37.896170 6.440629e-05 3.398674e-05
39.383810 6.197348e-05 3.036744e-05
40.929848 1.987752e-05 2.713065e-05
42.536577 0.000000e+00 2.423635e-05
44.206380 7.361687e-05 2.164865e-05
45.941731 5.312711e-05 1.933538e-05
47.745205 0.000000e+00 1.726769e-05
49.619476 1.639646e-05 1.541974e-05
51.567322 1.577712e-05 1.376837e-05
53.591633 0.000000e+00 1.229283e-05
55.695409 1.460774e-05 1.097454e-05
57.881770 0.000000e+00 9.796872e-06
60.153959 1.352503e-05 8.744929e-06
62.515344 0.000000e+00 7.805380e-06
64.969426 0.000000e+00 6.966295e-06
67.519845 2.409910e-05 6.217000e-06
70.170383 1.159441e-05 5.547944e-06
72.924969 0.000000e+00 4.950585e-06
75.787689 0.000000e+00 4.417283e-06
78.762786 0.000000e+00 3.941205e-06
81.854673 9.939370e-06 3.516244e-06
85.067934 9.563931e-06 3.136937e-06
88.407334 9.202674e-06 2.798405e-06
91.877824 0.000000e+00 2.496283e-06
95.484551 0.000000e+00 2.226674e-06
99.232862 0.000000e+00 1.986093e-06
103.128316 5.916783e-06 1.771428e-06
107.176689 1.897763e-06 1.579898e-06
111.383983 7.304316e-06 1.409019e-06
115.756437 0.000000e+00 1.256572e-06
120.300535 0.000000e+00 1.120577e-06
125.023015 0.000000e+00 9.992644e-07
129.930878 0.000000e+00 8.910534e-07
135.031404 0.000000e+00 7.945339e-07
140.332154 0.000000e+00 7.084465e-07
145.840988 0.000000e+00 6.316669e-07
151.566076 0.000000e+00 5.631915e-07
157.515906 0.000000e+00 5.021246e-07
163.699300 0.000000e+00 4.476666e-07
170.125428 0.000000e+00 3.991043e-07
176.803818 0.000000e+00 3.558007e-07
183.744372 0.000000e+00 3.171877e-07
190.957383 0.000000e+00 2.827584e-07
198.453546 0.000000e+00 2.520605e-07
206.243975 0.000000e+00 2.246903e-07
214.340223 0.000000e+00 2.002878e-07
222.754295 0.000000e+00 1.785319e-07
231.498667 3.514421e-06 1.591361e-07
240.586305 0.000000e+00 1.418447e-07
250.030685 0.000000e+00 1.264298e-07
259.845810 0.000000e+00 1.126882e-07
270.046235 0.000000e+00 1.004384e-07
280.647085 0.000000e+00 8.951879e-08
291.664078 0.000000e+00 7.978509e-08
303.113550 0.000000e+00 7.110869e-08
315.012480 0.000000e+00 6.337490e-08
327.378510 0.000000e+00 5.648145e-08
340.229977 0.000000e+00 5.033713e-08
353.585937 0.000000e+00 4.486064e-08
367.466194 0.000000e+00 3.997947e-08
381.891330 0.000000e+00 3.562898e-08
396.882735 0.000000e+00 3.175153e-08
412.462638 0.000000e+00 2.829575e-08
428.654141 0.000000e+00 2.521581e-08
445.481252 0.000000e+00 2.247089e-08
462.968923 0.000000e+00 2.002458e-08
481.143084 0.000000e+00 1.784441e-08
500.030684 0.000000e+00 1.590146e-08
519.659730 0.000000e+00 1.416994e-08
540.059328 0.000000e+00 1.262686e-08
561.259726 0.000000e+00 1.125172e-08
583.292359 0.000000e+00 1.002627e-08
606.189899 0.000000e+00 8.934215e-09
629.986298 0.000000e+00 7.961047e-09
654.716840 0.000000e+00 7.093833e-09
680.418197 0.000000e+00 6.321044e-09
707.128478 0.000000e+00 5.632404e-09
734.887289 0.000000e+00 5.018756e-09
763.735792 0.000000e+00 4.471938e-09
793.716762 0.000000e+00 3.984675e-09
824.874655 0.000000e+00 3.550484e-09
857.255673 0.000000e+00 3.163588e-09
890.907830 0.000000e+00 2.818838e-09
925.881025 0.000000e+00 2.511644e-09
962.227117 0.000000e+00 2.237917e-09
1000.000000 0.000000e+00 1.994012e-09
