mu  pmu  pmuanyl
0.010000 1.137305e+00 1.941180e+00
0.010393 1.172513e+00 1.938919e+00
0.010801 1.053009e+00 1.936572e+00
0.011225 1.302729e+00 1.934137e+00
0.011665 9.749610e-01 1.931611e+00
0.012123 1.273182e+00 1.928990e+00
0.012599 1.354047e+00 1.926272e+00
0.013094 1.054729e+00 1.923452e+00
0.013608 7.760915e-01 1.920527e+00
0.014142 1.378664e+00 1.917494e+00
0.014697 1.271313e+00 1.914349e+00
0.015274 1.329665e+00 1.911087e+00
0.015873 1.177085e+00 1.907705e+00
0.016496 1.083379e+00 1.904199e+00
0.017144 1.042456e+00 1.900564e+00
0.017817 9.574851e-01 1.896797e+00
0.018516 1.184552e+00 1.892892e+00
0.019243 1.182023e+00 1.888845e+00
0.019999 9.748925e-01 1.884651e+00
0.020784 1.211671e+00 1.880306e+00
0.021600 1.353952e+00 1.875805e+00
0.022448 1.085674e+00 1.871142e+00
0.023329 1.149132e+00 1.866313e+00
0.024245 1.005205e+00 1.861311e+00
0.025196 1.063959e+00 1.856132e+00
0.026185 1.085817e+00 1.850770e+00
0.027213 1.074654e+00 1.845219e+00
0.028282 1.292577e+00 1.839474e+00
0.029392 8.844461e-01 1.833529e+00
0.030546 1.223367e+00 1.827377e+00
0.031745 7.165304e-01 1.821013e+00
0.032991 1.378930e+00 1.814431e+00
0.034286 7.108092e-01 1.807624e+00
0.035632 1.322322e+00 1.800585e+00
0.037031 8.774997e-01 1.793309e+00
0.038484 1.139878e+00 1.785789e+00
0.039995 7.718373e-01 1.778018e+00
0.041565 1.074936e+00 1.769990e+00
0.043197 9.779140e-01 1.761697e+00
0.044893 1.013358e+00 1.753134e+00
0.046655 9.054320e-01 1.744294e+00
0.048486 8.879857e-01 1.735169e+00
0.050390 1.160754e+00 1.725753e+00
0.052368 7.601186e-01 1.716040e+00
0.054423 9.702334e-01 1.706023e+00
0.056560 9.335849e-01 1.695695e+00
0.058780 8.430395e-01 1.685049e+00
0.061088 9.175817e-01 1.674080e+00
0.063486 8.317381e-01 1.662781e+00
0.065978 9.111346e-01 1.651146e+00
0.068568 9.359562e-01 1.639169e+00
0.071260 7.068019e-01 1.626844e+00
0.074057 8.994923e-01 1.614166e+00
0.076964 7.705203e-01 1.601129e+00
0.079985 8.328229e-01 1.587729e+00
0.083125 7.427283e-01 1.573961e+00
0.086388 8.087093e-01 1.559821e+00
0.089780 7.872104e-01 1.545305e+00
0.093304 6.791157e-01 1.530408e+00
0.096967 7.037300e-01 1.515130e+00
0.100773 7.416384e-01 1.499466e+00
0.104729 7.136245e-01 1.483415e+00
0.108840 6.866689e-01 1.466976e+00
0.113113 6.607314e-01 1.450149e+00
0.117553 6.288631e-01 1.432932e+00
0.122168 6.450064e-01 1.415327e+00
0.126964 6.718297e-01 1.397335e+00
0.131948 6.402961e-01 1.378958e+00
0.137127 5.153999e-01 1.360200e+00
0.142510 5.871376e-01 1.341064e+00
0.148105 5.649597e-01 1.321556e+00
0.153919 5.647310e-01 1.301681e+00
0.159961 5.180070e-01 1.281445e+00
0.166240 5.473071e-01 1.260858e+00
0.172766 4.796129e-01 1.239926e+00
0.179548 4.569720e-01 1.218662e+00
0.186596 4.876002e-01 1.197074e+00
0.193921 4.566147e-01 1.175176e+00
0.201534 4.192126e-01 1.152981e+00
0.209445 4.460427e-01 1.130502e+00
0.217667 4.217301e-01 1.107757e+00
0.226212 3.734798e-01 1.084760e+00
0.235092 3.835609e-01 1.061530e+00
0.244320 3.790477e-01 1.038086e+00
0.253911 3.615306e-01 1.014447e+00
0.263879 3.447960e-01 9.906348e-01
0.274238 3.051118e-01 9.666710e-01
0.285003 3.078386e-01 9.425785e-01
0.296191 2.852399e-01 9.183811e-01
0.307818 2.823828e-01 8.941036e-01
0.319902 2.742558e-01 8.697714e-01
0.332460 2.614529e-01 8.454105e-01
0.345511 2.468747e-01 8.210479e-01
0.359074 2.352872e-01 7.967108e-01
0.373170 2.242228e-01 7.724269e-01
0.387819 2.136585e-01 7.482242e-01
0.403043 1.975258e-01 7.241312e-01
0.418865 1.958829e-01 7.001760e-01
0.435307 1.828854e-01 6.763870e-01
0.452396 1.687945e-01 6.527926e-01
0.470155 1.624186e-01 6.294205e-01
0.488611 1.479707e-01 6.062983e-01
0.507792 1.455810e-01 5.834531e-01
0.527725 1.293064e-01 5.609111e-01
0.548442 1.259034e-01 5.386981e-01
0.569971 1.225729e-01 5.168387e-01
0.592346 1.138287e-01 4.953565e-01
0.615599 1.055702e-01 4.742743e-01
0.639764 1.003127e-01 4.536132e-01
0.664879 9.163632e-02 4.333932e-01
0.690979 8.112095e-02 4.136331e-01
0.718104 8.145055e-02 3.943499e-01
0.746294 7.184277e-02 3.755591e-01
0.775590 7.436611e-02 3.572745e-01
0.806036 6.450217e-02 3.395085e-01
0.837678 6.012618e-02 3.222716e-01
0.870561 5.318931e-02 3.055725e-01
0.904736 4.938440e-02 2.894182e-01
0.940252 5.011096e-02 2.738141e-01
0.977162 4.239869e-02 2.587636e-01
1.015521 3.999723e-02 2.442688e-01
1.055386 3.925614e-02 2.303296e-01
1.096816 3.777333e-02 2.169447e-01
1.139872 2.850707e-02 2.041110e-01
1.184619 2.880179e-02 1.918240e-01
1.231122 4.473810e-01 1.800778e-01
1.279450 3.695289e-01 1.688650e-01
1.329676 1.467187e+00 1.581770e-01
1.381873 1.971419e+00 1.480042e-01
1.436120 2.009661e+00 1.383357e-01
1.492496 1.656976e+00 1.291596e-01
1.551084 9.069818e-01 1.204635e-01
1.611973 6.060048e-01 1.122338e-01
1.675252 4.279404e-01 1.044565e-01
1.741016 3.251046e-01 9.711704e-02
1.809360 2.509779e-01 9.020023e-02
1.880388 1.982960e-01 8.369066e-02
1.954204 1.650325e-01 7.757264e-02
2.030918 1.311990e-01 7.183029e-02
2.110643 1.139268e-01 6.644765e-02
2.193497 9.555016e-02 6.140876e-02
2.279605 8.285377e-02 5.669771e-02
2.369092 7.612370e-02 5.229876e-02
2.462092 6.236003e-02 4.819634e-02
2.558744 6.000451e-02 4.437516e-02
2.659189 5.162813e-02 4.082024e-02
2.763577 4.762032e-02 3.751695e-02
2.872063 4.695296e-02 3.445107e-02
2.984808 4.272992e-02 3.160879e-02
3.101979 3.666385e-02 2.897676e-02
3.223749 3.653891e-02 2.654213e-02
3.350299 3.406760e-02 2.429252e-02
3.481818 2.858110e-02 2.221608e-02
3.618499 2.716475e-02 2.030147e-02
3.760545 2.354640e-02 1.853787e-02
3.908168 2.140981e-02 1.691499e-02
4.061586 1.860099e-02 1.542305e-02
4.221026 1.732101e-02 1.405278e-02
4.386726 1.481489e-02 1.279545e-02
4.558929 1.193880e-02 1.164277e-02
4.737893 1.251660e-02 1.058699e-02
4.923883 1.154886e-02 9.620788e-03
5.117173 9.207606e-03 8.737309e-03
5.318051 8.859808e-03 7.930135e-03
5.526815 7.055295e-03 7.193266e-03
5.743774 6.364496e-03 6.521102e-03
5.969250 6.770523e-03 5.908428e-03
6.203576 4.354099e-03 5.350391e-03
6.447102 5.922187e-03 4.842483e-03
6.700188 5.092267e-03 4.380524e-03
6.963208 3.733270e-03 3.960644e-03
7.236553 3.143222e-03 3.579262e-03
7.520629 3.132511e-03 3.233069e-03
7.815857 2.390562e-03 2.919016e-03
8.122674 2.200252e-03 2.634290e-03
8.441535 2.694545e-03 2.376305e-03
8.772913 2.407567e-03 2.142683e-03
9.117299 2.049323e-03 1.931240e-03
9.475205 1.586105e-03 1.739972e-03
9.847161 1.113709e-03 1.567046e-03
10.233718 1.190712e-03 1.410780e-03
10.635450 1.451265e-03 1.269640e-03
11.052951 7.349716e-04 1.142220e-03
11.486843 4.950467e-04 1.027240e-03
11.937766 7.655583e-04 9.235323e-04
12.406392 1.096777e-03 8.300310e-04
12.893413 1.197111e-03 7.457670e-04
13.399553 3.637557e-04 6.698584e-04
13.925561 3.500156e-04 6.015033e-04
14.472219 5.613241e-04 5.399732e-04
15.040336 4.320970e-04 4.846070e-04
15.630754 5.716913e-04 4.348046e-04
16.244350 3.500616e-04 3.900224e-04
16.882033 2.887190e-04 3.497674e-04
17.544749 2.315110e-04 3.135936e-04
18.233480 2.227662e-04 2.810971e-04
18.949248 2.572220e-04 2.519129e-04
19.693113 2.062550e-04 2.257109e-04
20.466180 1.587713e-04 2.021928e-04
21.269594 1.527741e-04 1.810894e-04
22.104546 3.675084e-05 1.621577e-04
22.972275 1.768133e-04 1.451785e-04
23.874068 1.361076e-04 1.299540e-04
24.811261 1.637080e-04 1.163061e-04
25.785244 6.300973e-05 1.040742e-04
26.797461 6.062967e-05 9.311392e-05
27.849414 1.458488e-04 8.329502e-05
28.942661 2.806793e-05 7.450043e-05
30.078825 8.102317e-05 6.662485e-05
31.259590 2.598756e-05 5.957355e-05
32.486707 5.001188e-05 5.326141e-05
33.761994 1.142916e-04 4.761195e-05
35.087345 5.209318e-05 4.255643e-05
36.464722 2.227799e-05 3.803316e-05
37.896170 2.143648e-05 3.398674e-05
39.383810 0.000000e+00 3.036744e-05
40.929848 3.969526e-05 2.713065e-05
42.536577 1.909793e-05 2.423635e-05
44.206380 0.000000e+00 2.164865e-05
45.941731 0.000000e+00 1.933538e-05
47.745205 0.000000e+00 1.726769e-05
49.619476 0.000000e+00 1.541974e-05
51.567322 0.000000e+00 1.376837e-05
53.591633 0.000000e+00 1.229283e-05
55.695409 7.292886e-06 1.097454e-05
57.881770 0.000000e+00 9.796872e-06
60.153959 0.000000e+00 8.744929e-06
62.515344 0.000000e+00 7.805380e-06
64.969426 0.000000e+00 6.966295e-06
67.519845 1.503929e-05 6.217000e-06
70.170383 2.894243e-06 5.547944e-06
72.924969 0.000000e+00 4.950585e-06
75.787689 0.000000e+00 4.417283e-06
78.762786 0.000000e+00 3.941205e-06
81.854673 0.000000e+00 3.516244e-06
85.067934 0.000000e+00 3.136937e-06
88.407334 0.000000e+00 2.798405e-06
91.877824 0.000000e+00 2.496283e-06
95.484551 0.000000e+00 2.226674e-06
99.232862 0.000000e+00 1.986093e-06
103.128316 0.000000e+00 1.771428e-06
107.176689 0.000000e+00 1.579898e-06
111.383983 1.458667e-05 1.409019e-06
115.756437 0.000000e+00 1.256572e-06
120.300535 0.000000e+00 1.120577e-06
125.023015 0.000000e+00 9.992644e-07
129.930878 0.000000e+00 8.910534e-07
135.031404 0.000000e+00 7.945339e-07
140.332154 0.000000e+00 7.084465e-07
145.840988 0.000000e+00 6.316669e-07
151.566076 0.000000e+00 5.631915e-07
157.515906 0.000000e+00 5.021246e-07
163.699300 0.000000e+00 4.476666e-07
170.125428 0.000000e+00 3.991043e-07
176.803818 0.000000e+00 3.558007e-07
183.744372 0.000000e+00 3.171877e-07
190.957383 0.000000e+00 2.827584e-07
198.453546 0.000000e+00 2.520605e-07
206.243975 0.000000e+00 2.246903e-07
214.340223 0.000000e+00 2.002878e-07
222.754295 0.000000e+00 1.785319e-07
231.498667 0.000000e+00 1.591361e-07
240.586305 0.000000e+00 1.418447e-07
250.030685 0.000000e+00 1.264298e-07
259.845810 0.000000e+00 1.126882e-07
270.046235 0.000000e+00 1.004384e-07
280.647085 0.000000e+00 8.951879e-08
291.664078 0.000000e+00 7.978509e-08
303.113550 0.000000e+00 7.110869e-08
315.012480 0.000000e+00 6.337490e-08
327.378510 0.000000e+00 5.648145e-08
340.229977 0.000000e+00 5.033713e-08
353.585937 0.000000e+00 4.486064e-08
367.466194 0.000000e+00 3.997947e-08
381.891330 0.000000e+00 3.562898e-08
396.882735 0.000000e+00 3.175153e-08
412.462638 0.000000e+00 2.829575e-08
428.654141 0.000000e+00 2.521581e-08
445.481252 0.000000e+00 2.247089e-08
462.968923 0.000000e+00 2.002458e-08
481.143084 0.000000e+00 1.784441e-08
500.030684 0.000000e+00 1.590146e-08
519.659730 0.000000e+00 1.416994e-08
540.059328 0.000000e+00 1.262686e-08
561.259726 0.000000e+00 1.125172e-08
583.292359 0.000000e+00 1.002627e-08
606.189899 0.000000e+00 8.934215e-09
629.986298 0.000000e+00 7.961047e-09
654.716840 0.000000e+00 7.093833e-09
680.418197 0.000000e+00 6.321044e-09
707.128478 0.000000e+00 5.632404e-09
734.887289 0.000000e+00 5.018756e-09
763.735792 0.000000e+00 4.471938e-09
793.716762 0.000000e+00 3.984675e-09
824.874655 0.000000e+00 3.550484e-09
857.255673 0.000000e+00 3.163588e-09
890.907830 0.000000e+00 2.818838e-09
925.881025 0.000000e+00 2.511644e-09
962.227117 0.000000e+00 2.237917e-09
1000.000000 0.000000e+00 1.994012e-09
