mu  pmu  pmuanyl
0.010000 0.000000e+00 0.000000e+00
0.010393 0.000000e+00 0.000000e+00
0.010801 0.000000e+00 0.000000e+00
0.011225 0.000000e+00 0.000000e+00
0.011665 0.000000e+00 0.000000e+00
0.012123 0.000000e+00 0.000000e+00
0.012599 0.000000e+00 0.000000e+00
0.013094 0.000000e+00 0.000000e+00
0.013608 0.000000e+00 0.000000e+00
0.014142 0.000000e+00 0.000000e+00
0.014697 0.000000e+00 0.000000e+00
0.015274 0.000000e+00 0.000000e+00
0.015873 0.000000e+00 0.000000e+00
0.016496 0.000000e+00 0.000000e+00
0.017144 0.000000e+00 0.000000e+00
0.017817 0.000000e+00 0.000000e+00
0.018516 0.000000e+00 0.000000e+00
0.019243 0.000000e+00 0.000000e+00
0.019999 0.000000e+00 0.000000e+00
0.020784 0.000000e+00 0.000000e+00
0.021600 0.000000e+00 0.000000e+00
0.022448 0.000000e+00 0.000000e+00
0.023329 0.000000e+00 0.000000e+00
0.024245 0.000000e+00 0.000000e+00
0.025196 0.000000e+00 0.000000e+00
0.026185 0.000000e+00 0.000000e+00
0.027213 0.000000e+00 0.000000e+00
0.028282 0.000000e+00 0.000000e+00
0.029392 0.000000e+00 0.000000e+00
0.030546 0.000000e+00 0.000000e+00
0.031745 0.000000e+00 0.000000e+00
0.032991 0.000000e+00 0.000000e+00
0.034286 0.000000e+00 0.000000e+00
0.035632 0.000000e+00 0.000000e+00
0.037031 0.000000e+00 0.000000e+00
0.038484 0.000000e+00 0.000000e+00
0.039995 0.000000e+00 0.000000e+00
0.041565 0.000000e+00 0.000000e+00
0.043197 0.000000e+00 0.000000e+00
0.044893 0.000000e+00 0.000000e+00
0.046655 0.000000e+00 0.000000e+00
0.048486 0.000000e+00 0.000000e+00
0.050390 0.000000e+00 0.000000e+00
0.052368 0.000000e+00 0.000000e+00
0.054423 0.000000e+00 0.000000e+00
0.056560 0.000000e+00 0.000000e+00
0.058780 0.000000e+00 0.000000e+00
0.061088 0.000000e+00 0.000000e+00
0.063486 0.000000e+00 0.000000e+00
0.065978 0.000000e+00 0.000000e+00
0.068568 0.000000e+00 0.000000e+00
0.071260 0.000000e+00 0.000000e+00
0.074057 0.000000e+00 0.000000e+00
0.076964 0.000000e+00 0.000000e+00
0.079985 0.000000e+00 0.000000e+00
0.083125 0.000000e+00 0.000000e+00
0.086388 0.000000e+00 0.000000e+00
0.089780 0.000000e+00 0.000000e+00
0.093304 0.000000e+00 0.000000e+00
0.096967 5.828077e-03 0.000000e+00
0.100773 0.000000e+00 0.000000e+00
0.104729 5.396106e-03 0.000000e+00
0.108840 2.596140e-03 0.000000e+00
0.113113 0.000000e+00 0.000000e+00
0.117553 0.000000e+00 0.000000e+00
0.122168 0.000000e+00 0.000000e+00
0.126964 0.000000e+00 0.000000e+00
0.131948 0.000000e+00 0.000000e+00
0.137127 0.000000e+00 0.000000e+00
0.142510 0.000000e+00 0.000000e+00
0.148105 0.000000e+00 0.000000e+00
0.153919 0.000000e+00 0.000000e+00
0.159961 0.000000e+00 0.000000e+00
0.166240 3.399473e-03 0.000000e+00
0.172766 1.308426e-01 0.000000e+00
0.179548 4.375035e-01 0.000000e+00
0.186596 5.572655e-01 0.000000e+00
0.193921 6.702700e-01 0.000000e+00
0.201534 7.515092e-01 0.000000e+00
0.209445 8.013709e-01 0.000000e+00
0.217667 8.593750e-01 0.000000e+00
0.226212 9.118537e-01 0.000000e+00
0.235092 9.423147e-01 0.000000e+00
0.244320 9.714865e-01 0.000000e+00
0.253911 9.882073e-01 0.000000e+00
0.263879 9.915707e-01 0.000000e+00
0.274238 1.017999e+00 0.000000e+00
0.285003 1.013255e+00 0.000000e+00
0.296191 1.030313e+00 0.000000e+00
0.307818 1.013426e+00 0.000000e+00
0.319902 1.040509e+00 0.000000e+00
0.332460 1.010555e+00 0.000000e+00
0.345511 1.010821e+00 0.000000e+00
0.359074 9.946734e-01 0.000000e+00
0.373170 9.904185e-01 0.000000e+00
0.387819 9.821515e-01 0.000000e+00
0.403043 9.422485e-01 0.000000e+00
0.418865 9.518550e-01 0.000000e+00
0.435307 9.171989e-01 0.000000e+00
0.452396 9.094113e-01 0.000000e+00
0.470155 8.798682e-01 0.000000e+00
0.488611 8.605123e-01 0.000000e+00
0.507792 8.346858e-01 0.000000e+00
0.527725 8.138660e-01 0.000000e+00
0.548442 7.790023e-01 0.000000e+00
0.569971 7.594921e-01 0.000000e+00
0.592346 7.403445e-01 0.000000e+00
0.615599 7.178876e-01 0.000000e+00
0.639764 6.854709e-01 0.000000e+00
0.664879 6.629786e-01 0.000000e+00
0.690979 6.330287e-01 0.000000e+00
0.718104 6.185611e-01 0.000000e+00
0.746294 5.906528e-01 0.000000e+00
0.775590 5.610557e-01 0.000000e+00
0.806036 5.398630e-01 0.000000e+00
0.837678 5.100259e-01 0.000000e+00
0.870561 4.855675e-01 0.000000e+00
0.904736 4.797189e-01 0.000000e+00
0.940252 4.387590e-01 0.000000e+00
0.977162 4.221858e-01 0.000000e+00
1.015521 3.995608e-01 0.000000e+00
1.055386 3.801844e-01 0.000000e+00
1.096816 3.544884e-01 0.000000e+00
1.139872 3.450646e-01 0.000000e+00
1.184619 3.215353e-01 0.000000e+00
1.231122 2.947008e-01 0.000000e+00
1.279450 8.657251e-01 0.000000e+00
1.329676 8.704253e-01 0.000000e+00
1.381873 6.749858e-01 0.000000e+00
1.436120 5.306494e-01 0.000000e+00
1.492496 4.238951e-01 0.000000e+00
1.551084 3.497705e-01 0.000000e+00
1.611973 2.943135e-01 0.000000e+00
1.675252 2.415350e-01 0.000000e+00
1.741016 2.070930e-01 0.000000e+00
1.809360 1.749083e-01 0.000000e+00
1.880388 1.454606e-01 0.000000e+00
1.954204 1.272419e-01 0.000000e+00
2.030918 1.068529e-01 0.000000e+00
2.110643 9.210667e-02 0.000000e+00
2.193497 7.832201e-02 0.000000e+00
2.279605 6.643893e-02 0.000000e+00
2.369092 5.581890e-02 0.000000e+00
2.462092 4.843123e-02 0.000000e+00
2.558744 4.063857e-02 0.000000e+00
2.659189 3.527819e-02 0.000000e+00
2.763577 2.535698e-02 0.000000e+00
2.872063 1.810261e-02 0.000000e+00
2.984808 1.173877e-02 0.000000e+00
3.101979 6.922965e-03 0.000000e+00
3.223749 5.259051e-03 0.000000e+00
3.350299 2.361521e-03 0.000000e+00
3.481818 6.492341e-04 0.000000e+00
3.618499 0.000000e+00 0.000000e+00
3.760545 0.000000e+00 0.000000e+00
3.908168 5.784078e-04 0.000000e+00
4.061586 0.000000e+00 0.000000e+00
4.221026 2.677684e-04 0.000000e+00
4.386726 0.000000e+00 0.000000e+00
4.558929 0.000000e+00 0.000000e+00
4.737893 0.000000e+00 0.000000e+00
4.923883 2.295460e-04 0.000000e+00
5.117173 0.000000e+00 0.000000e+00
5.318051 0.000000e+00 0.000000e+00
5.526815 2.045043e-04 0.000000e+00
5.743774 0.000000e+00 0.000000e+00
5.969250 0.000000e+00 0.000000e+00
6.203576 0.000000e+00 0.000000e+00
6.447102 1.753125e-04 0.000000e+00
6.700188 0.000000e+00 0.000000e+00
6.963208 0.000000e+00 0.000000e+00
7.236553 0.000000e+00 0.000000e+00
7.520629 0.000000e+00 0.000000e+00
7.815857 1.446108e-04 0.000000e+00
8.122674 0.000000e+00 0.000000e+00
8.441535 0.000000e+00 0.000000e+00
8.772913 0.000000e+00 0.000000e+00
9.117299 0.000000e+00 0.000000e+00
9.475205 0.000000e+00 0.000000e+00
9.847161 0.000000e+00 0.000000e+00
10.233718 0.000000e+00 0.000000e+00
10.635450 0.000000e+00 0.000000e+00
11.052951 0.000000e+00 0.000000e+00
11.486843 0.000000e+00 0.000000e+00
11.937766 0.000000e+00 0.000000e+00
12.406392 0.000000e+00 0.000000e+00
12.893413 0.000000e+00 0.000000e+00
13.399553 0.000000e+00 0.000000e+00
13.925561 0.000000e+00 0.000000e+00
14.472219 0.000000e+00 0.000000e+00
15.040336 0.000000e+00 0.000000e+00
15.630754 0.000000e+00 0.000000e+00
16.244350 0.000000e+00 0.000000e+00
16.882033 0.000000e+00 0.000000e+00
17.544749 0.000000e+00 0.000000e+00
18.233480 0.000000e+00 0.000000e+00
18.949248 0.000000e+00 0.000000e+00
19.693113 0.000000e+00 0.000000e+00
20.466180 0.000000e+00 0.000000e+00
21.269594 0.000000e+00 0.000000e+00
22.104546 0.000000e+00 0.000000e+00
22.972275 0.000000e+00 0.000000e+00
23.874068 0.000000e+00 0.000000e+00
24.811261 0.000000e+00 0.000000e+00
25.785244 0.000000e+00 0.000000e+00
26.797461 0.000000e+00 0.000000e+00
27.849414 0.000000e+00 0.000000e+00
28.942661 0.000000e+00 0.000000e+00
30.078825 0.000000e+00 0.000000e+00
31.259590 0.000000e+00 0.000000e+00
32.486707 0.000000e+00 0.000000e+00
33.761994 0.000000e+00 0.000000e+00
35.087345 0.000000e+00 0.000000e+00
36.464722 0.000000e+00 0.000000e+00
37.896170 0.000000e+00 0.000000e+00
39.383810 0.000000e+00 0.000000e+00
40.929848 0.000000e+00 0.000000e+00
42.536577 0.000000e+00 0.000000e+00
44.206380 0.000000e+00 0.000000e+00
45.941731 0.000000e+00 0.000000e+00
47.745205 0.000000e+00 0.000000e+00
49.619476 0.000000e+00 0.000000e+00
51.567322 0.000000e+00 0.000000e+00
53.591633 0.000000e+00 0.000000e+00
55.695409 0.000000e+00 0.000000e+00
57.881770 0.000000e+00 0.000000e+00
60.153959 0.000000e+00 0.000000e+00
62.515344 0.000000e+00 0.000000e+00
64.969426 0.000000e+00 0.000000e+00
67.519845 0.000000e+00 0.000000e+00
70.170383 0.000000e+00 0.000000e+00
72.924969 0.000000e+00 0.000000e+00
75.787689 0.000000e+00 0.000000e+00
78.762786 0.000000e+00 0.000000e+00
81.854673 0.000000e+00 0.000000e+00
85.067934 0.000000e+00 0.000000e+00
88.407334 0.000000e+00 0.000000e+00
91.877824 0.000000e+00 0.000000e+00
95.484551 0.000000e+00 0.000000e+00
99.232862 0.000000e+00 0.000000e+00
103.128316 0.000000e+00 0.000000e+00
107.176689 0.000000e+00 0.000000e+00
111.383983 0.000000e+00 0.000000e+00
115.756437 0.000000e+00 0.000000e+00
120.300535 0.000000e+00 0.000000e+00
125.023015 0.000000e+00 0.000000e+00
129.930878 0.000000e+00 0.000000e+00
135.031404 0.000000e+00 0.000000e+00
140.332154 0.000000e+00 0.000000e+00
145.840988 0.000000e+00 0.000000e+00
151.566076 0.000000e+00 0.000000e+00
157.515906 0.000000e+00 0.000000e+00
163.699300 0.000000e+00 0.000000e+00
170.125428 0.000000e+00 0.000000e+00
176.803818 0.000000e+00 0.000000e+00
183.744372 0.000000e+00 0.000000e+00
190.957383 0.000000e+00 0.000000e+00
198.453546 0.000000e+00 0.000000e+00
206.243975 0.000000e+00 0.000000e+00
214.340223 0.000000e+00 0.000000e+00
222.754295 0.000000e+00 0.000000e+00
231.498667 0.000000e+00 0.000000e+00
240.586305 0.000000e+00 0.000000e+00
250.030685 0.000000e+00 0.000000e+00
259.845810 0.000000e+00 0.000000e+00
270.046235 0.000000e+00 0.000000e+00
280.647085 0.000000e+00 0.000000e+00
291.664078 0.000000e+00 0.000000e+00
303.113550 0.000000e+00 0.000000e+00
315.012480 0.000000e+00 0.000000e+00
327.378510 0.000000e+00 0.000000e+00
340.229977 0.000000e+00 0.000000e+00
353.585937 0.000000e+00 0.000000e+00
367.466194 0.000000e+00 0.000000e+00
381.891330 0.000000e+00 0.000000e+00
396.882735 0.000000e+00 0.000000e+00
412.462638 0.000000e+00 0.000000e+00
428.654141 0.000000e+00 0.000000e+00
445.481252 0.000000e+00 0.000000e+00
462.968923 0.000000e+00 0.000000e+00
481.143084 0.000000e+00 0.000000e+00
500.030684 0.000000e+00 0.000000e+00
519.659730 0.000000e+00 0.000000e+00
540.059328 0.000000e+00 0.000000e+00
561.259726 0.000000e+00 0.000000e+00
583.292359 0.000000e+00 0.000000e+00
606.189899 0.000000e+00 0.000000e+00
629.986298 0.000000e+00 0.000000e+00
654.716840 0.000000e+00 0.000000e+00
680.418197 0.000000e+00 0.000000e+00
707.128478 0.000000e+00 0.000000e+00
734.887289 0.000000e+00 0.000000e+00
763.735792 0.000000e+00 0.000000e+00
793.716762 0.000000e+00 0.000000e+00
824.874655 0.000000e+00 0.000000e+00
857.255673 0.000000e+00 0.000000e+00
890.907830 0.000000e+00 0.000000e+00
925.881025 0.000000e+00 0.000000e+00
962.227117 0.000000e+00 0.000000e+00
1000.000000 0.000000e+00 0.000000e+00
