mu  pmu  pmuanyl
0.010000 1.201885e+01 0.000000e+00
0.010393 1.204673e+00 0.000000e+00
0.010801 1.622837e+00 0.000000e+00
0.011225 3.792306e+00 0.000000e+00
0.011665 9.659275e+00 0.000000e+00
0.012123 1.239255e+00 0.000000e+00
0.012599 5.167263e+00 0.000000e+00
0.013094 7.458120e+00 0.000000e+00
0.013608 1.104062e+00 0.000000e+00
0.014142 7.082392e+00 0.000000e+00
0.014697 5.111152e+00 0.000000e+00
0.015274 2.622981e+00 0.000000e+00
0.015873 6.782990e+00 0.000000e+00
0.016496 2.732139e+00 0.000000e+00
0.017144 5.111825e+00 0.000000e+00
0.017817 6.043019e+00 0.000000e+00
0.018516 4.192034e+00 0.000000e+00
0.019243 3.643332e+00 0.000000e+00
0.019999 6.385405e+00 0.000000e+00
0.020784 3.734716e+00 0.000000e+00
0.021600 5.680278e+00 0.000000e+00
0.022448 4.127174e+00 0.000000e+00
0.023329 4.185943e+00 0.000000e+00
0.024245 4.957326e+00 0.000000e+00
0.025196 4.571321e+00 0.000000e+00
0.026185 5.259254e+00 0.000000e+00
0.027213 3.588423e+00 0.000000e+00
0.028282 5.489191e+00 0.000000e+00
0.029392 4.344746e+00 0.000000e+00
0.030546 5.082337e+00 0.000000e+00
0.031745 4.495979e+00 0.000000e+00
0.032991 4.629742e+00 0.000000e+00
0.034286 4.600925e+00 0.000000e+00
0.035632 4.497407e+00 0.000000e+00
0.037031 4.733232e+00 0.000000e+00
0.038484 4.554444e+00 0.000000e+00
0.039995 4.820651e+00 0.000000e+00
0.041565 4.397597e+00 0.000000e+00
0.043197 4.695211e+00 0.000000e+00
0.044893 4.406308e+00 0.000000e+00
0.046655 4.454546e+00 0.000000e+00
0.048486 4.802704e+00 0.000000e+00
0.050390 4.571601e+00 0.000000e+00
0.052368 4.351104e+00 0.000000e+00
0.054423 4.738849e+00 0.000000e+00
0.056560 4.382768e+00 0.000000e+00
0.058780 4.600602e+00 0.000000e+00
0.061088 4.344845e+00 0.000000e+00
0.063486 4.654018e+00 0.000000e+00
0.065978 4.516173e+00 0.000000e+00
0.068568 4.382102e+00 0.000000e+00
0.071260 4.251716e+00 0.000000e+00
0.074057 4.598279e+00 0.000000e+00
0.076964 4.392055e+00 0.000000e+00
0.079985 4.320069e+00 0.000000e+00
0.083125 4.367744e+00 0.000000e+00
0.086388 4.434638e+00 0.000000e+00
0.089780 4.239240e+00 0.000000e+00
0.093304 4.374310e+00 0.000000e+00
0.096967 4.183257e+00 0.000000e+00
0.100773 4.323410e+00 0.000000e+00
0.104729 4.160102e+00 0.000000e+00
0.108840 4.279030e+00 0.000000e+00
0.113113 4.139535e+00 0.000000e+00
0.117553 4.132275e+00 0.000000e+00
0.122168 4.140154e+00 0.000000e+00
0.126964 4.082376e+00 0.000000e+00
0.131948 4.098964e+00 0.000000e+00
0.137127 3.962394e+00 0.000000e+00
0.142510 4.023564e+00 0.000000e+00
0.148105 3.820863e+00 0.000000e+00
0.153919 3.985628e+00 0.000000e+00
0.159961 3.913346e+00 0.000000e+00
0.166240 3.735404e+00 0.000000e+00
0.172766 3.507348e+00 0.000000e+00
0.179548 2.817036e+00 0.000000e+00
0.186596 2.415412e+00 0.000000e+00
0.193921 2.143405e+00 0.000000e+00
0.201534 1.925775e+00 0.000000e+00
0.209445 1.793258e+00 0.000000e+00
0.217667 1.587479e+00 0.000000e+00
0.226212 1.461102e+00 0.000000e+00
0.235092 1.310054e+00 0.000000e+00
0.244320 1.188830e+00 0.000000e+00
0.253911 9.960032e-01 0.000000e+00
0.263879 1.015315e+00 0.000000e+00
0.274238 9.313110e-01 0.000000e+00
0.285003 7.819197e-01 0.000000e+00
0.296191 7.523843e-01 0.000000e+00
0.307818 7.158302e-01 0.000000e+00
0.319902 5.870380e-01 0.000000e+00
0.332460 5.498008e-01 0.000000e+00
0.345511 5.145392e-01 0.000000e+00
0.359074 4.881303e-01 0.000000e+00
0.373170 4.495625e-01 0.000000e+00
0.387819 3.873862e-01 0.000000e+00
0.403043 3.416907e-01 0.000000e+00
0.418865 3.108504e-01 0.000000e+00
0.435307 2.818524e-01 0.000000e+00
0.452396 2.656712e-01 0.000000e+00
0.470155 2.449845e-01 0.000000e+00
0.488611 2.357308e-01 0.000000e+00
0.507792 1.824474e-01 0.000000e+00
0.527725 1.660664e-01 0.000000e+00
0.548442 1.780557e-01 0.000000e+00
0.569971 1.361854e-01 0.000000e+00
0.592346 1.352684e-01 0.000000e+00
0.615599 1.260915e-01 0.000000e+00
0.639764 1.017595e-01 0.000000e+00
0.664879 9.791574e-02 0.000000e+00
0.690979 9.059344e-02 0.000000e+00
0.718104 7.322403e-02 0.000000e+00
0.746294 7.716845e-02 0.000000e+00
0.775590 6.456833e-02 0.000000e+00
0.806036 4.970352e-02 0.000000e+00
0.837678 5.380433e-02 0.000000e+00
0.870561 4.889576e-02 0.000000e+00
0.904736 4.428125e-02 0.000000e+00
0.940252 3.195647e-02 0.000000e+00
0.977162 3.331183e-02 0.000000e+00
1.015521 2.712223e-02 0.000000e+00
1.055386 2.609774e-02 0.000000e+00
1.096816 2.282905e-02 0.000000e+00
1.139872 1.977006e-02 0.000000e+00
1.184619 1.902329e-02 0.000000e+00
1.231122 6.101574e-02 0.000000e+00
1.279450 1.389494e-01 0.000000e+00
1.329676 0.000000e+00 0.000000e+00
1.381873 0.000000e+00 0.000000e+00
1.436120 0.000000e+00 0.000000e+00
1.492496 0.000000e+00 0.000000e+00
1.551084 0.000000e+00 0.000000e+00
1.611973 0.000000e+00 0.000000e+00
1.675252 0.000000e+00 0.000000e+00
1.741016 0.000000e+00 0.000000e+00
1.809360 0.000000e+00 0.000000e+00
1.880388 0.000000e+00 0.000000e+00
1.954204 0.000000e+00 0.000000e+00
2.030918 0.000000e+00 0.000000e+00
2.110643 0.000000e+00 0.000000e+00
2.193497 0.000000e+00 0.000000e+00
2.279605 0.000000e+00 0.000000e+00
2.369092 0.000000e+00 0.000000e+00
2.462092 0.000000e+00 0.000000e+00
2.558744 0.000000e+00 0.000000e+00
2.659189 0.000000e+00 0.000000e+00
2.763577 0.000000e+00 0.000000e+00
2.872063 0.000000e+00 0.000000e+00
2.984808 0.000000e+00 0.000000e+00
3.101979 0.000000e+00 0.000000e+00
3.223749 0.000000e+00 0.000000e+00
3.350299 0.000000e+00 0.000000e+00
3.481818 0.000000e+00 0.000000e+00
3.618499 0.000000e+00 0.000000e+00
3.760545 0.000000e+00 0.000000e+00
3.908168 0.000000e+00 0.000000e+00
4.061586 0.000000e+00 0.000000e+00
4.221026 0.000000e+00 0.000000e+00
4.386726 0.000000e+00 0.000000e+00
4.558929 0.000000e+00 0.000000e+00
4.737893 0.000000e+00 0.000000e+00
4.923883 0.000000e+00 0.000000e+00
5.117173 0.000000e+00 0.000000e+00
5.318051 0.000000e+00 0.000000e+00
5.526815 0.000000e+00 0.000000e+00
5.743774 0.000000e+00 0.000000e+00
5.969250 0.000000e+00 0.000000e+00
6.203576 0.000000e+00 0.000000e+00
6.447102 0.000000e+00 0.000000e+00
6.700188 0.000000e+00 0.000000e+00
6.963208 0.000000e+00 0.000000e+00
7.236553 0.000000e+00 0.000000e+00
7.520629 0.000000e+00 0.000000e+00
7.815857 0.000000e+00 0.000000e+00
8.122674 0.000000e+00 0.000000e+00
8.441535 0.000000e+00 0.000000e+00
8.772913 0.000000e+00 0.000000e+00
9.117299 0.000000e+00 0.000000e+00
9.475205 0.000000e+00 0.000000e+00
9.847161 0.000000e+00 0.000000e+00
10.233718 0.000000e+00 0.000000e+00
10.635450 0.000000e+00 0.000000e+00
11.052951 0.000000e+00 0.000000e+00
11.486843 0.000000e+00 0.000000e+00
11.937766 0.000000e+00 0.000000e+00
12.406392 0.000000e+00 0.000000e+00
12.893413 0.000000e+00 0.000000e+00
13.399553 0.000000e+00 0.000000e+00
13.925561 0.000000e+00 0.000000e+00
14.472219 0.000000e+00 0.000000e+00
15.040336 0.000000e+00 0.000000e+00
15.630754 0.000000e+00 0.000000e+00
16.244350 0.000000e+00 0.000000e+00
16.882033 0.000000e+00 0.000000e+00
17.544749 0.000000e+00 0.000000e+00
18.233480 0.000000e+00 0.000000e+00
18.949248 0.000000e+00 0.000000e+00
19.693113 0.000000e+00 0.000000e+00
20.466180 0.000000e+00 0.000000e+00
21.269594 0.000000e+00 0.000000e+00
22.104546 0.000000e+00 0.000000e+00
22.972275 0.000000e+00 0.000000e+00
23.874068 0.000000e+00 0.000000e+00
24.811261 0.000000e+00 0.000000e+00
25.785244 0.000000e+00 0.000000e+00
26.797461 0.000000e+00 0.000000e+00
27.849414 0.000000e+00 0.000000e+00
28.942661 0.000000e+00 0.000000e+00
30.078825 0.000000e+00 0.000000e+00
31.259590 0.000000e+00 0.000000e+00
32.486707 0.000000e+00 0.000000e+00
33.761994 0.000000e+00 0.000000e+00
35.087345 0.000000e+00 0.000000e+00
36.464722 0.000000e+00 0.000000e+00
37.896170 0.000000e+00 0.000000e+00
39.383810 0.000000e+00 0.000000e+00
40.929848 0.000000e+00 0.000000e+00
42.536577 0.000000e+00 0.000000e+00
44.206380 0.000000e+00 0.000000e+00
45.941731 0.000000e+00 0.000000e+00
47.745205 0.000000e+00 0.000000e+00
49.619476 0.000000e+00 0.000000e+00
51.567322 0.000000e+00 0.000000e+00
53.591633 0.000000e+00 0.000000e+00
55.695409 0.000000e+00 0.000000e+00
57.881770 0.000000e+00 0.000000e+00
60.153959 0.000000e+00 0.000000e+00
62.515344 0.000000e+00 0.000000e+00
64.969426 0.000000e+00 0.000000e+00
67.519845 0.000000e+00 0.000000e+00
70.170383 0.000000e+00 0.000000e+00
72.924969 0.000000e+00 0.000000e+00
75.787689 0.000000e+00 0.000000e+00
78.762786 0.000000e+00 0.000000e+00
81.854673 0.000000e+00 0.000000e+00
85.067934 0.000000e+00 0.000000e+00
88.407334 0.000000e+00 0.000000e+00
91.877824 0.000000e+00 0.000000e+00
95.484551 0.000000e+00 0.000000e+00
99.232862 0.000000e+00 0.000000e+00
103.128316 0.000000e+00 0.000000e+00
107.176689 0.000000e+00 0.000000e+00
111.383983 0.000000e+00 0.000000e+00
115.756437 0.000000e+00 0.000000e+00
120.300535 0.000000e+00 0.000000e+00
125.023015 0.000000e+00 0.000000e+00
129.930878 0.000000e+00 0.000000e+00
135.031404 0.000000e+00 0.000000e+00
140.332154 0.000000e+00 0.000000e+00
145.840988 0.000000e+00 0.000000e+00
151.566076 0.000000e+00 0.000000e+00
157.515906 0.000000e+00 0.000000e+00
163.699300 0.000000e+00 0.000000e+00
170.125428 0.000000e+00 0.000000e+00
176.803818 0.000000e+00 0.000000e+00
183.744372 0.000000e+00 0.000000e+00
190.957383 0.000000e+00 0.000000e+00
198.453546 0.000000e+00 0.000000e+00
206.243975 0.000000e+00 0.000000e+00
214.340223 0.000000e+00 0.000000e+00
222.754295 0.000000e+00 0.000000e+00
231.498667 0.000000e+00 0.000000e+00
240.586305 0.000000e+00 0.000000e+00
250.030685 0.000000e+00 0.000000e+00
259.845810 0.000000e+00 0.000000e+00
270.046235 0.000000e+00 0.000000e+00
280.647085 0.000000e+00 0.000000e+00
291.664078 0.000000e+00 0.000000e+00
303.113550 0.000000e+00 0.000000e+00
315.012480 0.000000e+00 0.000000e+00
327.378510 0.000000e+00 0.000000e+00
340.229977 0.000000e+00 0.000000e+00
353.585937 0.000000e+00 0.000000e+00
367.466194 0.000000e+00 0.000000e+00
381.891330 0.000000e+00 0.000000e+00
396.882735 0.000000e+00 0.000000e+00
412.462638 0.000000e+00 0.000000e+00
428.654141 0.000000e+00 0.000000e+00
445.481252 0.000000e+00 0.000000e+00
462.968923 0.000000e+00 0.000000e+00
481.143084 0.000000e+00 0.000000e+00
500.030684 0.000000e+00 0.000000e+00
519.659730 0.000000e+00 0.000000e+00
540.059328 0.000000e+00 0.000000e+00
561.259726 0.000000e+00 0.000000e+00
583.292359 0.000000e+00 0.000000e+00
606.189899 0.000000e+00 0.000000e+00
629.986298 0.000000e+00 0.000000e+00
654.716840 0.000000e+00 0.000000e+00
680.418197 0.000000e+00 0.000000e+00
707.128478 0.000000e+00 0.000000e+00
734.887289 0.000000e+00 0.000000e+00
763.735792 0.000000e+00 0.000000e+00
793.716762 0.000000e+00 0.000000e+00
824.874655 0.000000e+00 0.000000e+00
857.255673 0.000000e+00 0.000000e+00
890.907830 0.000000e+00 0.000000e+00
925.881025 0.000000e+00 0.000000e+00
962.227117 0.000000e+00 0.000000e+00
1000.000000 0.000000e+00 0.000000e+00
