300
mu  pmu  pmuanyl
0.010000 0.000000e+00 0.000000e+00
0.010393 0.000000e+00 0.000000e+00
0.010801 0.000000e+00 0.000000e+00
0.011225 0.000000e+00 0.000000e+00
0.011665 0.000000e+00 0.000000e+00
0.012123 0.000000e+00 0.000000e+00
0.012599 0.000000e+00 0.000000e+00
0.013094 0.000000e+00 0.000000e+00
0.013608 0.000000e+00 0.000000e+00
0.014142 0.000000e+00 0.000000e+00
0.014697 0.000000e+00 0.000000e+00
0.015274 0.000000e+00 0.000000e+00
0.015873 0.000000e+00 0.000000e+00
0.016496 0.000000e+00 0.000000e+00
0.017144 0.000000e+00 0.000000e+00
0.017817 0.000000e+00 0.000000e+00
0.018516 0.000000e+00 0.000000e+00
0.019243 0.000000e+00 0.000000e+00
0.019999 0.000000e+00 0.000000e+00
0.020784 0.000000e+00 0.000000e+00
0.021600 0.000000e+00 0.000000e+00
0.022448 0.000000e+00 0.000000e+00
0.023329 0.000000e+00 0.000000e+00
0.024245 0.000000e+00 0.000000e+00
0.025196 0.000000e+00 0.000000e+00
0.026185 0.000000e+00 0.000000e+00
0.027213 0.000000e+00 0.000000e+00
0.028282 0.000000e+00 0.000000e+00
0.029392 0.000000e+00 0.000000e+00
0.030546 0.000000e+00 0.000000e+00
0.031745 0.000000e+00 0.000000e+00
0.032991 0.000000e+00 0.000000e+00
0.034286 0.000000e+00 0.000000e+00
0.035632 0.000000e+00 0.000000e+00
0.037031 0.000000e+00 0.000000e+00
0.038484 0.000000e+00 0.000000e+00
0.039995 0.000000e+00 0.000000e+00
0.041565 0.000000e+00 0.000000e+00
0.043197 0.000000e+00 0.000000e+00
0.044893 0.000000e+00 0.000000e+00
0.046655 0.000000e+00 0.000000e+00
0.048486 0.000000e+00 0.000000e+00
0.050390 0.000000e+00 0.000000e+00
0.052368 0.000000e+00 0.000000e+00
0.054423 0.000000e+00 0.000000e+00
0.056560 0.000000e+00 0.000000e+00
0.058780 0.000000e+00 0.000000e+00
0.061088 0.000000e+00 0.000000e+00
0.063486 0.000000e+00 0.000000e+00
0.065978 0.000000e+00 0.000000e+00
0.068568 0.000000e+00 0.000000e+00
0.071260 0.000000e+00 0.000000e+00
0.074057 0.000000e+00 0.000000e+00
0.076964 0.000000e+00 0.000000e+00
0.079985 0.000000e+00 0.000000e+00
0.083125 0.000000e+00 0.000000e+00
0.086388 0.000000e+00 0.000000e+00
0.089780 0.000000e+00 0.000000e+00
0.093304 0.000000e+00 0.000000e+00
0.096967 0.000000e+00 0.000000e+00
0.100773 0.000000e+00 0.000000e+00
0.104729 0.000000e+00 0.000000e+00
0.108840 0.000000e+00 0.000000e+00
0.113113 0.000000e+00 0.000000e+00
0.117553 0.000000e+00 0.000000e+00
0.122168 0.000000e+00 0.000000e+00
0.126964 0.000000e+00 0.000000e+00
0.131948 0.000000e+00 0.000000e+00
0.137127 0.000000e+00 0.000000e+00
0.142510 0.000000e+00 0.000000e+00
0.148105 0.000000e+00 0.000000e+00
0.153919 0.000000e+00 0.000000e+00
0.159961 0.000000e+00 0.000000e+00
0.166240 0.000000e+00 0.000000e+00
0.172766 0.000000e+00 0.000000e+00
0.179548 0.000000e+00 0.000000e+00
0.186596 0.000000e+00 0.000000e+00
0.193921 0.000000e+00 0.000000e+00
0.201534 0.000000e+00 0.000000e+00
0.209445 0.000000e+00 0.000000e+00
0.217667 0.000000e+00 0.000000e+00
0.226212 0.000000e+00 0.000000e+00
0.235092 0.000000e+00 0.000000e+00
0.244320 0.000000e+00 0.000000e+00
0.253911 0.000000e+00 0.000000e+00
0.263879 0.000000e+00 0.000000e+00
0.274238 0.000000e+00 0.000000e+00
0.285003 0.000000e+00 0.000000e+00
0.296191 0.000000e+00 0.000000e+00
0.307818 0.000000e+00 0.000000e+00
0.319902 0.000000e+00 0.000000e+00
0.332460 0.000000e+00 0.000000e+00
0.345511 0.000000e+00 0.000000e+00
0.359074 0.000000e+00 0.000000e+00
0.373170 0.000000e+00 0.000000e+00
0.387819 0.000000e+00 0.000000e+00
0.403043 0.000000e+00 0.000000e+00
0.418865 0.000000e+00 0.000000e+00
0.435307 0.000000e+00 0.000000e+00
0.452396 0.000000e+00 0.000000e+00
0.470155 0.000000e+00 0.000000e+00
0.488611 0.000000e+00 0.000000e+00
0.507792 0.000000e+00 0.000000e+00
0.527725 0.000000e+00 0.000000e+00
0.548442 0.000000e+00 0.000000e+00
0.569971 0.000000e+00 0.000000e+00
0.592346 0.000000e+00 0.000000e+00
0.615599 0.000000e+00 0.000000e+00
0.639764 0.000000e+00 0.000000e+00
0.664879 0.000000e+00 0.000000e+00
0.690979 0.000000e+00 0.000000e+00
0.718104 0.000000e+00 0.000000e+00
0.746294 0.000000e+00 0.000000e+00
0.775590 0.000000e+00 0.000000e+00
0.806036 0.000000e+00 0.000000e+00
0.837678 0.000000e+00 0.000000e+00
0.870561 0.000000e+00 0.000000e+00
0.904736 0.000000e+00 0.000000e+00
0.940252 0.000000e+00 0.000000e+00
0.977162 0.000000e+00 0.000000e+00
1.015521 0.000000e+00 0.000000e+00
1.055386 0.000000e+00 0.000000e+00
1.096816 0.000000e+00 0.000000e+00
1.139872 0.000000e+00 0.000000e+00
1.184619 2.641463e-02 0.000000e+00
1.231122 2.854511e-01 0.000000e+00
1.279450 5.907260e-01 0.000000e+00
1.329676 8.821859e-01 0.000000e+00
1.381873 7.228692e-01 0.000000e+00
1.436120 5.134326e-01 0.000000e+00
1.492496 3.870598e-01 0.000000e+00
1.551084 2.948479e-01 0.000000e+00
1.611973 2.329413e-01 0.000000e+00
1.675252 1.843907e-01 0.000000e+00
1.741016 1.470099e-01 0.000000e+00
1.809360 1.206153e-01 0.000000e+00
1.880388 9.941845e-02 0.000000e+00
1.954204 8.129313e-02 0.000000e+00
2.030918 6.518538e-02 9.550213e-01
2.110643 5.550048e-02 8.508360e-01
2.193497 4.535688e-02 7.580164e-01
2.279605 3.730825e-02 6.753228e-01
2.369092 3.420566e-02 6.016503e-01
2.462092 2.607019e-02 5.360150e-01
2.558744 2.226333e-02 4.775400e-01
2.659189 1.931032e-02 4.254441e-01
2.763577 1.712928e-02 3.790315e-01
2.872063 1.333945e-02 3.376821e-01
2.984808 1.236517e-02 3.008436e-01
3.101979 9.958192e-03 2.680239e-01
3.223749 7.715411e-03 2.387846e-01
3.350299 3.412036e-01 2.127351e-01
3.481818 5.182532e-01 1.895274e-01
3.618499 4.052169e-01 1.688514e-01
3.760545 3.416386e-01 1.504310e-01
3.908168 2.956295e-01 1.340202e-01
4.061586 2.587821e-01 1.193996e-01
4.221026 2.267201e-01 1.063741e-01
4.386726 2.000489e-01 9.476950e-02
4.558929 1.739692e-01 8.443089e-02
4.737893 1.529612e-01 7.522014e-02
4.923883 1.351659e-01 6.701421e-02
5.117173 1.184576e-01 5.970349e-02
5.318051 1.048931e-01 5.319030e-02
5.526815 9.193034e-02 4.738766e-02
5.743774 8.129882e-02 4.221803e-02
5.969250 7.117129e-02 3.761238e-02
6.203576 6.363287e-02 3.350916e-02
6.447102 5.562904e-02 2.985357e-02
6.700188 4.837857e-02 2.659678e-02
6.963208 4.332485e-02 2.369528e-02
7.236553 3.814040e-02 2.111031e-02
7.520629 3.349917e-02 1.880734e-02
7.815857 2.987273e-02 1.675561e-02
8.122674 2.637369e-02 1.492770e-02
8.441535 2.376168e-02 1.329921e-02
8.772913 1.966316e-02 1.184837e-02
9.117299 1.804040e-02 1.055580e-02
9.475205 1.591944e-02 9.404249e-03
9.847161 1.385149e-02 8.378319e-03
10.233718 1.301467e-02 7.464310e-03
10.635450 1.086339e-02 6.650012e-03
11.052951 9.799729e-03 5.924548e-03
11.486843 8.661230e-03 5.278226e-03
11.937766 6.788235e-03 4.702413e-03
12.406392 6.143795e-03 4.189416e-03
12.893413 4.729381e-03 3.732384e-03
13.399553 4.670495e-03 3.325210e-03
13.925561 4.033146e-03 2.962456e-03
14.472219 3.270962e-03 2.639275e-03
15.040336 2.560603e-03 2.351351e-03
15.630754 2.977191e-03 2.094837e-03
16.244350 2.173246e-03 1.866306e-03
16.882033 1.758472e-03 1.662707e-03
17.544749 1.966436e-03 1.481319e-03
18.233480 1.584133e-03 1.319718e-03
18.949248 9.738553e-04 1.175748e-03
19.693113 1.303750e-03 1.047483e-03
20.466180 1.293706e-03 9.332105e-04
21.269594 7.544481e-04 8.314045e-04
22.104546 9.437356e-04 7.407048e-04
22.972275 5.238969e-04 6.598997e-04
23.874068 6.049294e-04 5.879098e-04
24.811261 5.497417e-04 5.237735e-04
25.785244 3.267207e-04 4.666339e-04
26.797461 4.042022e-04 4.157278e-04
27.849414 5.185791e-04 3.703751e-04
28.942661 4.158257e-04 3.299701e-04
30.078825 2.400713e-04 2.939730e-04
31.259590 2.053361e-04 2.619028e-04
32.486707 2.222774e-04 2.333313e-04
33.761994 2.614106e-04 2.078766e-04
35.087345 2.058025e-04 1.851989e-04
36.464722 1.320191e-04 1.649952e-04
37.896170 1.693765e-04 1.469955e-04
39.383810 1.629787e-04 1.309594e-04
40.929848 1.176169e-04 1.166728e-04
42.536577 9.431180e-05 1.039447e-04
44.206380 3.629975e-05 9.260515e-05
45.941731 6.985721e-05 8.250265e-05
47.745205 8.402312e-05 7.350226e-05
49.619476 3.233973e-05 6.548374e-05
51.567322 7.779541e-05 5.833998e-05
53.591633 7.485686e-05 5.197554e-05
55.695409 1.440586e-05 4.630542e-05
57.881770 8.317025e-05 4.125386e-05
60.153959 2.667622e-05 3.675339e-05
62.515344 2.566859e-05 3.274388e-05
64.969426 2.469901e-05 2.917178e-05
67.519845 2.376606e-05 2.598937e-05
70.170383 4.573669e-05 2.315413e-05
72.924969 3.300681e-05 2.062819e-05
75.787689 1.058668e-05 1.837782e-05
78.762786 1.018679e-05 1.637294e-05
81.854673 0.000000e+00 1.458678e-05
85.067934 1.886352e-05 1.299548e-05
88.407334 9.075494e-06 1.157777e-05
91.877824 0.000000e+00 1.031473e-05
95.484551 0.000000e+00 9.189474e-06
99.232862 0.000000e+00 8.186974e-06
103.128316 0.000000e+00 7.293840e-06
107.176689 0.000000e+00 6.498139e-06
111.383983 3.601686e-06 5.789243e-06
115.756437 0.000000e+00 5.157682e-06
120.300535 0.000000e+00 4.595019e-06
125.023015 0.000000e+00 4.093738e-06
129.930878 0.000000e+00 3.647144e-06
135.031404 0.000000e+00 3.249269e-06
140.332154 8.576155e-06 2.894799e-06
145.840988 0.000000e+00 2.578999e-06
151.566076 0.000000e+00 2.297650e-06
157.515906 0.000000e+00 2.046995e-06
163.699300 0.000000e+00 1.823684e-06
170.125428 0.000000e+00 1.624734e-06
176.803818 0.000000e+00 1.447488e-06
183.744372 0.000000e+00 1.289579e-06
190.957383 0.000000e+00 1.148896e-06
198.453546 0.000000e+00 1.023560e-06
206.243975 0.000000e+00 9.118978e-07
214.340223 0.000000e+00 8.124169e-07
222.754295 0.000000e+00 7.237886e-07
231.498667 6.931705e-06 6.448289e-07
240.586305 0.000000e+00 5.744831e-07
250.030685 0.000000e+00 5.118115e-07
259.845810 0.000000e+00 4.559769e-07
270.046235 0.000000e+00 4.062334e-07
280.647085 0.000000e+00 3.619165e-07
291.664078 0.000000e+00 3.224342e-07
303.113550 0.000000e+00 2.872592e-07
315.012480 0.000000e+00 2.559215e-07
327.378510 0.000000e+00 2.280024e-07
340.229977 0.000000e+00 2.031292e-07
353.585937 0.000000e+00 1.809694e-07
367.466194 0.000000e+00 1.612270e-07
381.891330 0.000000e+00 1.436384e-07
396.882735 0.000000e+00 1.279686e-07
412.462638 0.000000e+00 1.140082e-07
428.654141 0.000000e+00 1.015708e-07
445.481252 0.000000e+00 9.049023e-08
462.968923 0.000000e+00 8.061845e-08
481.143084 0.000000e+00 7.182361e-08
500.030684 0.000000e+00 6.398822e-08
519.659730 0.000000e+00 5.700761e-08
540.059328 0.000000e+00 5.078852e-08
561.259726 0.000000e+00 4.524789e-08
583.292359 0.000000e+00 4.031170e-08
606.189899 0.000000e+00 3.591401e-08
629.986298 0.000000e+00 3.199607e-08
654.716840 0.000000e+00 2.850555e-08
680.418197 0.000000e+00 2.539582e-08
707.128478 0.000000e+00 2.262533e-08
734.887289 0.000000e+00 2.015709e-08
763.735792 0.000000e+00 1.795811e-08
793.716762 0.000000e+00 1.599902e-08
824.874655 0.000000e+00 1.425365e-08
857.255673 0.000000e+00 1.269869e-08
890.907830 0.000000e+00 1.131336e-08
925.881025 0.000000e+00 1.007916e-08
962.227117 0.000000e+00 8.979605e-09
1000.000000 0.000000e+00 8.000000e-09
