300
mu  pmu  pmuanyl
0.010000 0.000000e+00 0.000000e+00
0.010393 0.000000e+00 0.000000e+00
0.010801 0.000000e+00 0.000000e+00
0.011225 0.000000e+00 0.000000e+00
0.011665 0.000000e+00 0.000000e+00
0.012123 0.000000e+00 0.000000e+00
0.012599 0.000000e+00 0.000000e+00
0.013094 0.000000e+00 0.000000e+00
0.013608 0.000000e+00 0.000000e+00
0.014142 0.000000e+00 0.000000e+00
0.014697 0.000000e+00 0.000000e+00
0.015274 0.000000e+00 0.000000e+00
0.015873 0.000000e+00 0.000000e+00
0.016496 0.000000e+00 0.000000e+00
0.017144 0.000000e+00 0.000000e+00
0.017817 0.000000e+00 0.000000e+00
0.018516 0.000000e+00 0.000000e+00
0.019243 0.000000e+00 0.000000e+00
0.019999 0.000000e+00 0.000000e+00
0.020784 0.000000e+00 0.000000e+00
0.021600 0.000000e+00 0.000000e+00
0.022448 0.000000e+00 0.000000e+00
0.023329 0.000000e+00 0.000000e+00
0.024245 0.000000e+00 0.000000e+00
0.025196 0.000000e+00 0.000000e+00
0.026185 0.000000e+00 0.000000e+00
0.027213 0.000000e+00 0.000000e+00
0.028282 0.000000e+00 0.000000e+00
0.029392 0.000000e+00 0.000000e+00
0.030546 0.000000e+00 0.000000e+00
0.031745 0.000000e+00 0.000000e+00
0.032991 0.000000e+00 0.000000e+00
0.034286 0.000000e+00 0.000000e+00
0.035632 0.000000e+00 0.000000e+00
0.037031 0.000000e+00 0.000000e+00
0.038484 0.000000e+00 0.000000e+00
0.039995 0.000000e+00 0.000000e+00
0.041565 0.000000e+00 0.000000e+00
0.043197 0.000000e+00 0.000000e+00
0.044893 0.000000e+00 0.000000e+00
0.046655 0.000000e+00 0.000000e+00
0.048486 0.000000e+00 0.000000e+00
0.050390 0.000000e+00 0.000000e+00
0.052368 0.000000e+00 0.000000e+00
0.054423 0.000000e+00 0.000000e+00
0.056560 0.000000e+00 0.000000e+00
0.058780 0.000000e+00 0.000000e+00
0.061088 0.000000e+00 0.000000e+00
0.063486 0.000000e+00 0.000000e+00
0.065978 0.000000e+00 0.000000e+00
0.068568 0.000000e+00 0.000000e+00
0.071260 0.000000e+00 0.000000e+00
0.074057 0.000000e+00 0.000000e+00
0.076964 0.000000e+00 0.000000e+00
0.079985 0.000000e+00 0.000000e+00
0.083125 0.000000e+00 0.000000e+00
0.086388 0.000000e+00 0.000000e+00
0.089780 0.000000e+00 0.000000e+00
0.093304 0.000000e+00 0.000000e+00
0.096967 0.000000e+00 0.000000e+00
0.100773 0.000000e+00 0.000000e+00
0.104729 0.000000e+00 0.000000e+00
0.108840 0.000000e+00 0.000000e+00
0.113113 0.000000e+00 0.000000e+00
0.117553 0.000000e+00 0.000000e+00
0.122168 0.000000e+00 0.000000e+00
0.126964 0.000000e+00 0.000000e+00
0.131948 0.000000e+00 0.000000e+00
0.137127 0.000000e+00 0.000000e+00
0.142510 0.000000e+00 0.000000e+00
0.148105 0.000000e+00 0.000000e+00
0.153919 0.000000e+00 0.000000e+00
0.159961 0.000000e+00 0.000000e+00
0.166240 0.000000e+00 0.000000e+00
0.172766 0.000000e+00 0.000000e+00
0.179548 0.000000e+00 0.000000e+00
0.186596 0.000000e+00 0.000000e+00
0.193921 0.000000e+00 0.000000e+00
0.201534 0.000000e+00 0.000000e+00
0.209445 0.000000e+00 0.000000e+00
0.217667 0.000000e+00 0.000000e+00
0.226212 0.000000e+00 0.000000e+00
0.235092 0.000000e+00 0.000000e+00
0.244320 0.000000e+00 0.000000e+00
0.253911 0.000000e+00 0.000000e+00
0.263879 0.000000e+00 0.000000e+00
0.274238 0.000000e+00 0.000000e+00
0.285003 0.000000e+00 0.000000e+00
0.296191 0.000000e+00 0.000000e+00
0.307818 0.000000e+00 0.000000e+00
0.319902 0.000000e+00 0.000000e+00
0.332460 0.000000e+00 0.000000e+00
0.345511 0.000000e+00 0.000000e+00
0.359074 0.000000e+00 0.000000e+00
0.373170 0.000000e+00 0.000000e+00
0.387819 0.000000e+00 0.000000e+00
0.403043 0.000000e+00 0.000000e+00
0.418865 0.000000e+00 0.000000e+00
0.435307 0.000000e+00 0.000000e+00
0.452396 0.000000e+00 0.000000e+00
0.470155 0.000000e+00 0.000000e+00
0.488611 0.000000e+00 0.000000e+00
0.507792 0.000000e+00 0.000000e+00
0.527725 0.000000e+00 0.000000e+00
0.548442 0.000000e+00 0.000000e+00
0.569971 0.000000e+00 0.000000e+00
0.592346 0.000000e+00 0.000000e+00
0.615599 0.000000e+00 0.000000e+00
0.639764 0.000000e+00 0.000000e+00
0.664879 0.000000e+00 0.000000e+00
0.690979 0.000000e+00 0.000000e+00
0.718104 0.000000e+00 0.000000e+00
0.746294 0.000000e+00 0.000000e+00
0.775590 0.000000e+00 0.000000e+00
0.806036 0.000000e+00 0.000000e+00
0.837678 0.000000e+00 0.000000e+00
0.870561 0.000000e+00 0.000000e+00
0.904736 0.000000e+00 0.000000e+00
0.940252 0.000000e+00 0.000000e+00
0.977162 0.000000e+00 0.000000e+00
1.015521 0.000000e+00 0.000000e+00
1.055386 0.000000e+00 0.000000e+00
1.096816 0.000000e+00 0.000000e+00
1.139872 0.000000e+00 0.000000e+00
1.184619 0.000000e+00 0.000000e+00
1.231122 0.000000e+00 0.000000e+00
1.279450 0.000000e+00 0.000000e+00
1.329676 0.000000e+00 0.000000e+00
1.381873 0.000000e+00 0.000000e+00
1.436120 0.000000e+00 0.000000e+00
1.492496 0.000000e+00 0.000000e+00
1.551084 0.000000e+00 0.000000e+00
1.611973 0.000000e+00 0.000000e+00
1.675252 0.000000e+00 0.000000e+00
1.741016 2.588063e-02 0.000000e+00
1.809360 2.898714e-01 0.000000e+00
1.880388 4.179040e-01 0.000000e+00
1.954204 4.780538e-01 0.000000e+00
2.030918 5.105811e-01 9.550213e-01
2.110643 5.240290e-01 8.508360e-01
2.193497 5.308024e-01 7.580164e-01
2.279605 5.360529e-01 6.753228e-01
2.369092 5.634798e-01 6.016503e-01
2.462092 5.470758e-01 5.360150e-01
2.558744 4.918963e-01 4.775400e-01
2.659189 4.355862e-01 4.254441e-01
2.763577 3.867414e-01 3.790315e-01
2.872063 3.478680e-01 3.376821e-01
2.984808 3.083604e-01 3.008436e-01
3.101979 2.769577e-01 2.680239e-01
3.223749 2.454374e-01 2.387846e-01
3.350299 2.189517e-01 2.127351e-01
3.481818 1.951519e-01 1.895274e-01
3.618499 1.746641e-01 1.688514e-01
3.760545 1.544870e-01 1.504310e-01
3.908168 1.391206e-01 1.340202e-01
4.061586 1.229197e-01 1.193996e-01
4.221026 1.114448e-01 1.063741e-01
4.386726 9.764844e-02 9.476950e-02
4.558929 8.816160e-02 8.443089e-02
4.737893 7.811090e-02 7.522014e-02
4.923883 7.064592e-02 6.701421e-02
5.117173 6.269420e-02 5.970349e-02
5.318051 5.569429e-02 5.319030e-02
5.526815 5.054687e-02 4.738766e-02
5.743774 4.476748e-02 4.221803e-02
5.969250 3.975517e-02 3.761238e-02
6.203576 3.592924e-02 3.350916e-02
6.447102 3.242880e-02 2.985357e-02
6.700188 2.914155e-02 2.659678e-02
6.963208 2.588381e-02 2.369528e-02
7.236553 2.299663e-02 2.111031e-02
7.520629 2.140902e-02 1.880734e-02
7.815857 1.906300e-02 1.675561e-02
8.122674 1.693763e-02 1.492770e-02
8.441535 1.565732e-02 1.329921e-02
8.772913 1.417564e-02 1.184837e-02
9.117299 1.205872e-02 1.055580e-02
9.475205 1.242750e-02 9.404249e-03
9.847161 1.061584e-02 8.378319e-03
10.233718 9.627791e-03 7.464310e-03
10.635450 6.665648e-03 6.650012e-03
11.052951 5.544191e-03 5.924548e-03
11.486843 4.445642e-03 5.278226e-03
11.937766 3.573152e-03 4.702413e-03
12.406392 2.469681e-03 4.189416e-03
12.893413 2.749162e-03 3.732384e-03
13.399553 1.614093e-03 3.325210e-03
13.925561 1.941405e-03 2.962456e-03
14.472219 1.037818e-03 2.639275e-03
15.040336 1.438008e-03 2.351351e-03
15.630754 8.840242e-04 2.094837e-03
16.244350 7.396800e-04 1.866306e-03
16.882033 9.252622e-04 1.662707e-03
17.544749 4.109134e-04 1.481319e-03
18.233480 4.942400e-04 1.319718e-03
18.949248 4.438664e-04 1.175748e-03
19.693113 5.796361e-04 1.047483e-03
20.466180 1.761289e-04 9.332105e-04
21.269594 1.977220e-04 8.314045e-04
22.104546 2.446117e-04 7.407048e-04
22.972275 1.830671e-04 6.598997e-04
23.874068 3.271396e-04 5.879098e-04
24.811261 9.685619e-05 5.237735e-04
25.785244 4.659883e-05 4.666339e-04
26.797461 2.241933e-04 4.157278e-04
27.849414 7.766095e-04 3.703751e-04
28.942661 6.850018e-04 3.299701e-04
30.078825 5.792331e-04 2.939730e-04
31.259590 6.342302e-04 2.619028e-04
32.486707 5.363009e-04 2.333313e-04
33.761994 3.380973e-04 2.078766e-04
35.087345 3.253264e-04 1.851989e-04
36.464722 2.965622e-04 1.649952e-04
37.896170 2.536535e-04 1.469955e-04
39.383810 2.135633e-04 1.309594e-04
40.929848 2.054964e-04 1.166728e-04
42.536577 1.271148e-04 1.039447e-04
44.206380 2.310363e-04 9.260515e-05
45.941731 7.846214e-05 8.250265e-05
47.745205 1.132476e-04 7.350226e-05
49.619476 8.475437e-05 6.548374e-05
51.567322 1.281546e-04 5.833998e-05
53.591633 7.847246e-05 5.197554e-05
55.695409 5.393452e-05 4.630542e-05
57.881770 6.227671e-05 4.125386e-05
60.153959 7.989912e-05 3.675339e-05
62.515344 3.844055e-05 3.274388e-05
64.969426 4.623568e-05 2.917178e-05
67.519845 6.228491e-05 2.598937e-05
70.170383 2.568524e-05 2.315413e-05
72.924969 4.119173e-05 2.062819e-05
75.787689 1.585432e-05 1.837782e-05
78.762786 7.627728e-06 1.637294e-05
81.854673 2.935843e-05 1.458678e-05
85.067934 2.118710e-05 1.299548e-05
88.407334 6.795602e-06 1.157777e-05
91.877824 6.538913e-06 1.031473e-05
95.484551 0.000000e+00 9.189474e-06
99.232862 1.210851e-05 8.186974e-06
103.128316 0.000000e+00 7.293840e-06
107.176689 1.681656e-05 6.498139e-06
111.383983 5.393783e-06 5.789243e-06
115.756437 1.038009e-05 5.157682e-06
120.300535 0.000000e+00 4.595019e-06
125.023015 4.805364e-06 4.093738e-06
129.930878 4.623851e-06 3.647144e-06
135.031404 0.000000e+00 3.249269e-06
140.332154 8.562273e-06 2.894799e-06
145.840988 4.119425e-06 2.578999e-06
151.566076 3.963823e-06 2.297650e-06
157.515906 7.628196e-06 2.046995e-06
163.699300 0.000000e+00 1.823684e-06
170.125428 3.531401e-06 1.624734e-06
176.803818 0.000000e+00 1.447488e-06
183.744372 3.269657e-06 1.289579e-06
190.957383 0.000000e+00 1.148896e-06
198.453546 0.000000e+00 1.023560e-06
206.243975 0.000000e+00 9.118978e-07
214.340223 2.802932e-06 8.124169e-07
222.754295 0.000000e+00 7.237886e-07
231.498667 0.000000e+00 6.448289e-07
240.586305 0.000000e+00 5.744831e-07
250.030685 0.000000e+00 5.118115e-07
259.845810 0.000000e+00 4.559769e-07
270.046235 0.000000e+00 4.062334e-07
280.647085 0.000000e+00 3.619165e-07
291.664078 0.000000e+00 3.224342e-07
303.113550 0.000000e+00 2.872592e-07
315.012480 0.000000e+00 2.559215e-07
327.378510 0.000000e+00 2.280024e-07
340.229977 0.000000e+00 2.031292e-07
353.585937 0.000000e+00 1.809694e-07
367.466194 0.000000e+00 1.612270e-07
381.891330 0.000000e+00 1.436384e-07
396.882735 0.000000e+00 1.279686e-07
412.462638 1.456571e-06 1.140082e-07
428.654141 0.000000e+00 1.015708e-07
445.481252 0.000000e+00 9.049023e-08
462.968923 0.000000e+00 8.061845e-08
481.143084 0.000000e+00 7.182361e-08
500.030684 0.000000e+00 6.398822e-08
519.659730 0.000000e+00 5.700761e-08
540.059328 0.000000e+00 5.078852e-08
561.259726 0.000000e+00 4.524789e-08
583.292359 0.000000e+00 4.031170e-08
606.189899 0.000000e+00 3.591401e-08
629.986298 0.000000e+00 3.199607e-08
654.716840 0.000000e+00 2.850555e-08
680.418197 0.000000e+00 2.539582e-08
707.128478 0.000000e+00 2.262533e-08
734.887289 0.000000e+00 2.015709e-08
763.735792 0.000000e+00 1.795811e-08
793.716762 0.000000e+00 1.599902e-08
824.874655 0.000000e+00 1.425365e-08
857.255673 0.000000e+00 1.269869e-08
890.907830 0.000000e+00 1.131336e-08
925.881025 0.000000e+00 1.007916e-08
962.227117 0.000000e+00 8.979605e-09
1000.000000 0.000000e+00 8.000000e-09
